=== Descriptive Statistics — mode=basket ===
                count          mean           std           min            5%           25%           50%           75%           95%           max   skew   kurt
seed             36.0  6.584702e+08  8.007798e+08  2.026062e+08  2.026062e+08  2.026062e+08  2.026062e+08  6.584702e+08  2.026062e+09  2.026062e+09  1.206 -0.582
role_pnl         36.0 -1.362376e+00  3.376455e+01 -9.444601e+01 -6.038460e+01 -1.822506e+01  4.214296e+00  2.408888e+01  4.021074e+01  5.352922e+01 -0.833  0.620
wallet_sum_pnl   36.0 -1.372051e-14  3.034389e-14 -6.572520e-14 -6.572520e-14 -4.063416e-14  4.662937e-15  1.129652e-14  1.776357e-14  1.776357e-14 -0.605 -1.359
realizedAbs      36.0  2.085894e+02  4.797395e+01  1.123664e+02  1.123664e+02  1.845291e+02  2.034962e+02  2.441188e+02  2.832848e+02  2.832848e+02 -0.173 -0.388
minSpot          36.0  1.154246e-01  5.543882e-03  1.052354e-01  1.052354e-01  1.125244e-01  1.161631e-01  1.171259e-01  1.278299e-01  1.278299e-01  0.330  0.714
maxSpot          36.0  2.023965e-01  8.784079e-03  1.884928e-01  1.884928e-01  1.971083e-01  2.038604e-01  2.071649e-01  2.173284e-01  2.173284e-01 -0.054 -0.845
minCurve         36.0  1.071250e-01  3.645692e-03  1.025000e-01  1.025000e-01  1.038750e-01  1.072500e-01  1.097500e-01  1.140000e-01  1.140000e-01  0.308 -1.118
maxCurve         36.0  2.382292e-01  6.378640e-03  2.300000e-01  2.300000e-01  2.348750e-01  2.370000e-01  2.398750e-01  2.540000e-01  2.540000e-01  1.129  1.157
rounds           36.0  6.000000e+01  0.000000e+00  6.000000e+01  6.000000e+01  6.000000e+01  6.000000e+01  6.000000e+01  6.000000e+01  6.000000e+01  0.000  0.000
settlementLegs   36.0  8.075000e+01  1.662614e+00  7.800000e+01  7.800000e+01  7.975000e+01  8.100000e+01  8.125000e+01  8.400000e+01  8.400000e+01  0.304 -0.396
x402Total        36.0  0.000000e+00  0.000000e+00  0.000000e+00  0.000000e+00  0.000000e+00  0.000000e+00  0.000000e+00  0.000000e+00  0.000000e+00  0.000  0.000
deniedWorkers    36.0  0.000000e+00  0.000000e+00  0.000000e+00  0.000000e+00  0.000000e+00  0.000000e+00  0.000000e+00  0.000000e+00  0.000000e+00  0.000  0.000

=== Histograms — mode=basket ===

seed
  [202606201.00, 430538177.38) | ######################################## 27
  [430538177.38, 658470153.75) |                                          0
  [658470153.75, 886402130.12) |                                          0
  [886402130.12, 1114334106.50) |                                          0
  [1114334106.50, 1342266082.88) |                                          0
  [1342266082.88, 1570198059.25) |                                          0
  [1570198059.25, 1798130035.62) |                                          0
  [1798130035.62, 2026062012.00) | #############                            9

role_pnl
  [    -94.45,     -75.95) | ########                                 2
  [    -75.95,     -57.45) |                                          0
  [    -57.45,     -38.96) | ########                                 2
  [    -38.96,     -20.46) | ######################                   5
  [    -20.46,      -1.96) | ###############################          7
  [     -1.96,      16.54) | ###################################      8
  [     16.54,      35.03) | ######################################## 9
  [     35.03,      53.53) | #############                            3

wallet_sum_pnl
  [     -0.00,      -0.00) | ####################                     6
  [     -0.00,      -0.00) | ##########                               3
  [     -0.00,      -0.00) | ##########                               3
  [     -0.00,      -0.00) |                                          0
  [     -0.00,      -0.00) | ##########                               3
  [     -0.00,      -0.00) |                                          0
  [     -0.00,       0.00) | ##############################           9
  [      0.00,       0.00) | ######################################## 12

realizedAbs
  [    112.37,     133.73) | ##########                               3
  [    133.73,     155.10) |                                          0
  [    155.10,     176.46) | ####################                     6
  [    176.46,     197.83) | ##########                               3
  [    197.83,     219.19) | ######################################## 12
  [    219.19,     240.56) | ##########                               3
  [    240.56,     261.92) |                                          0
  [    261.92,     283.28) | ##############################           9

minSpot
  [      0.11,       0.11) | #############                            3
  [      0.11,       0.11) | ##########################               6
  [      0.11,       0.11) | #############                            3
  [      0.11,       0.12) | ######################################## 9
  [      0.12,       0.12) | ######################################## 9
  [      0.12,       0.12) | #############                            3
  [      0.12,       0.13) |                                          0
  [      0.13,       0.13) | #############                            3

maxSpot
  [      0.19,       0.19) | ##########################               6
  [      0.19,       0.20) |                                          0
  [      0.20,       0.20) | ######################################## 9
  [      0.20,       0.20) | #############                            3
  [      0.20,       0.21) | ######################################## 9
  [      0.21,       0.21) |                                          0
  [      0.21,       0.21) | ##########################               6
  [      0.21,       0.22) | #############                            3

minCurve
  [      0.10,       0.10) | ######################################## 9
  [      0.10,       0.11) | ##########################               6
  [      0.11,       0.11) | #############                            3
  [      0.11,       0.11) | #############                            3
  [      0.11,       0.11) | ##########################               6
  [      0.11,       0.11) | ##########################               6
  [      0.11,       0.11) |                                          0
  [      0.11,       0.11) | #############                            3

maxCurve
  [      0.23,       0.23) | ####################                     6
  [      0.23,       0.24) | ######################################## 12
  [      0.24,       0.24) | ##############################           9
  [      0.24,       0.24) |                                          0
  [      0.24,       0.24) | ##########                               3
  [      0.24,       0.25) | ##########                               3
  [      0.25,       0.25) |                                          0
  [      0.25,       0.25) | ##########                               3

rounds
  [     59.50,      59.62) |                                          0
  [     59.62,      59.75) |                                          0
  [     59.75,      59.88) |                                          0
  [     59.88,      60.00) |                                          0
  [     60.00,      60.12) | ######################################## 36
  [     60.12,      60.25) |                                          0
  [     60.25,      60.38) |                                          0
  [     60.38,      60.50) |                                          0

settlementLegs
  [     78.00,      78.75) | ##########                               3
  [     78.75,      79.50) | ####################                     6
  [     79.50,      80.25) | ####################                     6
  [     80.25,      81.00) |                                          0
  [     81.00,      81.75) | ######################################## 12
  [     81.75,      82.50) | ##########                               3
  [     82.50,      83.25) | ##########                               3
  [     83.25,      84.00) | ##########                               3

x402Total
  [     -0.50,      -0.38) |                                          0
  [     -0.38,      -0.25) |                                          0
  [     -0.25,      -0.12) |                                          0
  [     -0.12,       0.00) |                                          0
  [      0.00,       0.12) | ######################################## 36
  [      0.12,       0.25) |                                          0
  [      0.25,       0.38) |                                          0
  [      0.38,       0.50) |                                          0

deniedWorkers
  [     -0.50,      -0.38) |                                          0
  [     -0.38,      -0.25) |                                          0
  [     -0.25,      -0.12) |                                          0
  [     -0.12,       0.00) |                                          0
  [      0.00,       0.12) | ######################################## 36
  [      0.12,       0.25) |                                          0
  [      0.25,       0.38) |                                          0
  [      0.38,       0.50) |                                          0

=== Descriptive Statistics — mode=spread ===
                count          mean           std           min            5%           25%           50%           75%           95%           max   skew   kurt
seed             36.0  6.584702e+08  8.007798e+08  2.026062e+08  2.026062e+08  2.026062e+08  2.026062e+08  6.584702e+08  2.026062e+09  2.026062e+09  1.206 -0.582
role_pnl         36.0 -4.672072e+02  1.044023e+04 -2.223857e+04 -2.129163e+04 -7.099570e+03  2.628897e+03  6.267147e+03  1.252022e+04  1.585015e+04 -0.722 -0.311
wallet_sum_pnl   36.0 -2.451372e-13  6.481686e-12 -1.057288e-11 -1.057288e-11 -5.229595e-12 -1.634248e-13  4.320100e-12  1.045919e-11  1.045919e-11  0.028 -1.271
realizedAbs      36.0  5.486697e+04  1.219743e+04  3.131606e+04  3.131606e+04  4.740548e+04  5.641986e+04  6.302133e+04  7.100588e+04  7.100588e+04 -0.455 -0.651
minSpot          36.0  4.301713e+01  1.185147e+00  4.063588e+01  4.063588e+01  4.229853e+01  4.331538e+01  4.360061e+01  4.480819e+01  4.480819e+01 -0.565 -0.329
maxSpot          36.0  6.574095e+01  1.937794e+00  6.305546e+01  6.305546e+01  6.482560e+01  6.557296e+01  6.609333e+01  7.054015e+01  7.054015e+01  1.112  1.331
minCurve         36.0  3.939533e+01  1.114730e+00  3.641700e+01  3.641700e+01  3.914850e+01  3.963150e+01  4.020475e+01  4.051000e+01  4.051000e+01 -1.583  2.273
maxCurve         36.0  7.120333e+01  1.883852e+00  6.859250e+01  6.859250e+01  6.999138e+01  7.060375e+01  7.227175e+01  7.463800e+01  7.463800e+01  0.602 -0.850
rounds           36.0  6.000000e+01  0.000000e+00  6.000000e+01  6.000000e+01  6.000000e+01  6.000000e+01  6.000000e+01  6.000000e+01  6.000000e+01  0.000  0.000
settlementLegs   36.0  7.975000e+01  1.762709e+00  7.600000e+01  7.600000e+01  7.875000e+01  8.100000e+01  8.100000e+01  8.100000e+01  8.100000e+01 -1.087 -0.306
x402Total        36.0  0.000000e+00  0.000000e+00  0.000000e+00  0.000000e+00  0.000000e+00  0.000000e+00  0.000000e+00  0.000000e+00  0.000000e+00  0.000  0.000
deniedWorkers    36.0  0.000000e+00  0.000000e+00  0.000000e+00  0.000000e+00  0.000000e+00  0.000000e+00  0.000000e+00  0.000000e+00  0.000000e+00  0.000  0.000

=== Histograms — mode=spread ===

seed
  [202606201.00, 430538177.38) | ######################################## 27
  [430538177.38, 658470153.75) |                                          0
  [658470153.75, 886402130.12) |                                          0
  [886402130.12, 1114334106.50) |                                          0
  [1114334106.50, 1342266082.88) |                                          0
  [1342266082.88, 1570198059.25) |                                          0
  [1570198059.25, 1798130035.62) |                                          0
  [1798130035.62, 2026062012.00) | #############                            9

role_pnl
  [ -22238.57,  -17477.48) | ##############                           4
  [ -17477.48,  -12716.39) | ###                                      1
  [ -12716.39,   -7955.30) | ##########                               3
  [  -7955.30,   -3194.21) | ##############                           4
  [  -3194.21,    1566.88) | ##############                           4
  [   1566.88,    6327.97) | ######################################## 11
  [   6327.97,   11089.06) | #####################                    6
  [  11089.06,   15850.15) | ##########                               3

wallet_sum_pnl
  [     -0.00,      -0.00) | ##########################               6
  [     -0.00,      -0.00) | #############                            3
  [     -0.00,      -0.00) | ######################################## 9
  [     -0.00,      -0.00) |                                          0
  [     -0.00,       0.00) |                                          0
  [      0.00,       0.00) | ######################################## 9
  [      0.00,       0.00) | ##########################               6
  [      0.00,       0.00) | #############                            3

realizedAbs
  [  31316.06,   36277.29) | #############                            3
  [  36277.29,   41238.52) | #############                            3
  [  41238.52,   46199.74) |                                          0
  [  46199.74,   51160.97) | ##########################               6
  [  51160.97,   56122.20) | ##########################               6
  [  56122.20,   61083.43) | ##########################               6
  [  61083.43,   66044.65) | #############                            3
  [  66044.65,   71005.88) | ######################################## 9

minSpot
  [     40.64,      41.16) | ##########                               3
  [     41.16,      41.68) | ##########                               3
  [     41.68,      42.20) | ##########                               3
  [     42.20,      42.72) | ##########                               3
  [     42.72,      43.24) | ####################                     6
  [     43.24,      43.77) | ######################################## 12
  [     43.77,      44.29) |                                          0
  [     44.29,      44.81) | ####################                     6

maxSpot
  [     63.06,      63.99) | ################                         6
  [     63.99,      64.93) | ########                                 3
  [     64.93,      65.86) | ######################################## 15
  [     65.86,      66.80) | ################                         6
  [     66.80,      67.73) |                                          0
  [     67.73,      68.67) | ########                                 3
  [     68.67,      69.60) |                                          0
  [     69.60,      70.54) | ########                                 3

minCurve
  [     36.42,      36.93) | ##########                               3
  [     36.93,      37.44) |                                          0
  [     37.44,      37.95) |                                          0
  [     37.95,      38.46) | ##########                               3
  [     38.46,      38.98) | ##########                               3
  [     38.98,      39.49) | ####################                     6
  [     39.49,      40.00) | ##############################           9
  [     40.00,      40.51) | ######################################## 12

maxCurve
  [     68.59,      69.35) | ##########################               6
  [     69.35,      70.10) | ##########################               6
  [     70.10,      70.86) | ######################################## 9
  [     70.86,      71.62) | #############                            3
  [     71.62,      72.37) | #############                            3
  [     72.37,      73.13) |                                          0
  [     73.13,      73.88) | #############                            3
  [     73.88,      74.64) | ##########################               6

rounds
  [     59.50,      59.62) |                                          0
  [     59.62,      59.75) |                                          0
  [     59.75,      59.88) |                                          0
  [     59.88,      60.00) |                                          0
  [     60.00,      60.12) | ######################################## 36
  [     60.12,      60.25) |                                          0
  [     60.25,      60.38) |                                          0
  [     60.38,      60.50) |                                          0

settlementLegs
  [     76.00,      76.62) | #####                                    3
  [     76.62,      77.25) | #####                                    3
  [     77.25,      77.88) |                                          0
  [     77.88,      78.50) | #####                                    3
  [     78.50,      79.12) | #####                                    3
  [     79.12,      79.75) |                                          0
  [     79.75,      80.38) | #####                                    3
  [     80.38,      81.00) | ######################################## 21

x402Total
  [     -0.50,      -0.38) |                                          0
  [     -0.38,      -0.25) |                                          0
  [     -0.25,      -0.12) |                                          0
  [     -0.12,       0.00) |                                          0
  [      0.00,       0.12) | ######################################## 36
  [      0.12,       0.25) |                                          0
  [      0.25,       0.38) |                                          0
  [      0.38,       0.50) |                                          0

deniedWorkers
  [     -0.50,      -0.38) |                                          0
  [     -0.38,      -0.25) |                                          0
  [     -0.25,      -0.12) |                                          0
  [     -0.12,       0.00) |                                          0
  [      0.00,       0.12) | ######################################## 36
  [      0.12,       0.25) |                                          0
  [      0.25,       0.38) |                                          0
  [      0.38,       0.50) |                                          0

=== Descriptive Statistics — mode=synthetic ===
                count          mean           std           min            5%           25%           50%           75%           95%           max   skew   kurt
seed             36.0  6.584702e+08  8.007798e+08  2.026062e+08  2.026062e+08  2.026062e+08  2.026062e+08  6.584702e+08  2.026062e+09  2.026062e+09  1.206 -0.582
role_pnl         36.0 -3.586873e-01  1.269395e+01 -3.644928e+01 -2.214080e+01 -8.560076e+00  2.406047e+00  8.186629e+00  1.615845e+01  2.154903e+01 -0.783  0.749
wallet_sum_pnl   36.0 -1.989150e-15  7.935599e-15 -1.015854e-14 -1.015854e-14 -7.188694e-15 -4.440892e-15  4.440892e-16  1.526557e-14  1.526557e-14  1.135  0.208
realizedAbs      36.0  8.474149e+01  1.780269e+01  5.091906e+01  5.091906e+01  7.319362e+01  8.363919e+01  9.783968e+01  1.121719e+02  1.121719e+02 -0.028 -0.619
minSpot          36.0  4.809359e-02  2.309951e-03  4.384810e-02  4.384810e-02  4.688516e-02  4.840130e-02  4.880245e-02  5.326244e-02  5.326244e-02  0.330  0.714
maxSpot          36.0  8.433186e-02  3.660033e-03  7.853866e-02  7.853866e-02  8.212848e-02  8.494183e-02  8.631869e-02  9.055348e-02  9.055348e-02 -0.054 -0.845
minCurve         36.0  4.470833e-02  1.527720e-03  4.300000e-02  4.300000e-02  4.337500e-02  4.475000e-02  4.562500e-02  4.750000e-02  4.750000e-02  0.458 -1.009
maxCurve         36.0  9.945833e-02  2.670942e-03  9.600000e-02  9.600000e-02  9.812500e-02  9.900000e-02  1.003750e-01  1.060000e-01  1.060000e-01  1.049  1.022
rounds           36.0  6.000000e+01  0.000000e+00  6.000000e+01  6.000000e+01  6.000000e+01  6.000000e+01  6.000000e+01  6.000000e+01  6.000000e+01  0.000  0.000
settlementLegs   36.0  8.033333e+01  1.393864e+00  7.700000e+01  7.700000e+01  8.000000e+01  8.000000e+01  8.125000e+01  8.200000e+01  8.200000e+01 -0.842  0.774
x402Total        36.0  0.000000e+00  0.000000e+00  0.000000e+00  0.000000e+00  0.000000e+00  0.000000e+00  0.000000e+00  0.000000e+00  0.000000e+00  0.000  0.000
deniedWorkers    36.0  0.000000e+00  0.000000e+00  0.000000e+00  0.000000e+00  0.000000e+00  0.000000e+00  0.000000e+00  0.000000e+00  0.000000e+00  0.000  0.000

=== Histograms — mode=synthetic ===

seed
  [202606201.00, 430538177.38) | ######################################## 27
  [430538177.38, 658470153.75) |                                          0
  [658470153.75, 886402130.12) |                                          0
  [886402130.12, 1114334106.50) |                                          0
  [1114334106.50, 1342266082.88) |                                          0
  [1342266082.88, 1570198059.25) |                                          0
  [1570198059.25, 1798130035.62) |                                          0
  [1798130035.62, 2026062012.00) | #############                            9

role_pnl
  [    -36.45,     -29.20) | ####                                     1
  [    -29.20,     -21.95) | ####                                     1
  [    -21.95,     -14.70) | ########                                 2
  [    -14.70,      -7.45) | ##########################               6
  [     -7.45,      -0.20) | ###############################          7
  [     -0.20,       7.05) | ######################################## 9
  [      7.05,      14.30) | ##########################               6
  [     14.30,      21.55) | #################                        4

wallet_sum_pnl
  [     -0.00,      -0.00) | ######################################## 9
  [     -0.00,      -0.00) | ######################################## 9
  [     -0.00,      -0.00) | ##########################               6
  [     -0.00,       0.00) | ##########################               6
  [      0.00,       0.00) |                                          0
  [      0.00,       0.00) |                                          0
  [      0.00,       0.00) | #############                            3
  [      0.00,       0.00) | #############                            3

realizedAbs
  [     50.92,      58.58) | #############                            3
  [     58.58,      66.23) |                                          0
  [     66.23,      73.89) | ##########################               6
  [     73.89,      81.55) | ##########################               6
  [     81.55,      89.20) | ######################################## 9
  [     89.20,      96.86) | #############                            3
  [     96.86,     104.52) | #############                            3
  [    104.52,     112.17) | ##########################               6

minSpot
  [      0.04,       0.05) | #############                            3
  [      0.05,       0.05) | ##########################               6
  [      0.05,       0.05) | #############                            3
  [      0.05,       0.05) | ######################################## 9
  [      0.05,       0.05) | ######################################## 9
  [      0.05,       0.05) | #############                            3
  [      0.05,       0.05) |                                          0
  [      0.05,       0.05) | #############                            3

maxSpot
  [      0.08,       0.08) | ##########################               6
  [      0.08,       0.08) |                                          0
  [      0.08,       0.08) | ######################################## 9
  [      0.08,       0.08) | #############                            3
  [      0.08,       0.09) | ######################################## 9
  [      0.09,       0.09) |                                          0
  [      0.09,       0.09) | ##########################               6
  [      0.09,       0.09) | #############                            3

minCurve
  [      0.04,       0.04) | ######################################## 15
  [      0.04,       0.04) |                                          0
  [      0.04,       0.04) | ########                                 3
  [      0.04,       0.05) | ################                         6
  [      0.05,       0.05) | ########                                 3
  [      0.05,       0.05) | ########                                 3
  [      0.05,       0.05) |                                          0
  [      0.05,       0.05) | ################                         6

maxCurve
  [      0.10,       0.10) | ########################                 9
  [      0.10,       0.10) |                                          0
  [      0.10,       0.10) | ######################################## 15
  [      0.10,       0.10) | ########                                 3
  [      0.10,       0.10) | ################                         6
  [      0.10,       0.10) |                                          0
  [      0.10,       0.10) |                                          0
  [      0.10,       0.11) | ########                                 3

rounds
  [     59.50,      59.62) |                                          0
  [     59.62,      59.75) |                                          0
  [     59.75,      59.88) |                                          0
  [     59.88,      60.00) |                                          0
  [     60.00,      60.12) | ######################################## 36
  [     60.12,      60.25) |                                          0
  [     60.25,      60.38) |                                          0
  [     60.38,      60.50) |                                          0

settlementLegs
  [     77.00,      77.62) | ########                                 3
  [     77.62,      78.25) |                                          0
  [     78.25,      78.88) |                                          0
  [     78.88,      79.50) | ########                                 3
  [     79.50,      80.12) | ######################################## 15
  [     80.12,      80.75) |                                          0
  [     80.75,      81.38) | ################                         6
  [     81.38,      82.00) | ########################                 9

x402Total
  [     -0.50,      -0.38) |                                          0
  [     -0.38,      -0.25) |                                          0
  [     -0.25,      -0.12) |                                          0
  [     -0.12,       0.00) |                                          0
  [      0.00,       0.12) | ######################################## 36
  [      0.12,       0.25) |                                          0
  [      0.25,       0.38) |                                          0
  [      0.38,       0.50) |                                          0

deniedWorkers
  [     -0.50,      -0.38) |                                          0
  [     -0.38,      -0.25) |                                          0
  [     -0.25,      -0.12) |                                          0
  [     -0.12,       0.00) |                                          0
  [      0.00,       0.12) | ######################################## 36
  [      0.12,       0.25) |                                          0
  [      0.25,       0.38) |                                          0
  [      0.38,       0.50) |                                          0

=== Descriptive Statistics — mode=x402 ===
                count          mean           std           min            5%           25%           50%           75%           95%           max   skew   kurt
seed             36.0  6.584702e+08  8.007798e+08  2.026062e+08  2.026062e+08  2.026062e+08  2.026062e+08  6.584702e+08  2.026062e+09  2.026062e+09  1.206 -0.582
role_pnl         36.0 -3.586873e-01  1.269395e+01 -3.644928e+01 -2.214080e+01 -8.560076e+00  2.406047e+00  8.186629e+00  1.615845e+01  2.154903e+01 -0.783  0.749
wallet_sum_pnl   36.0 -1.989150e-15  7.935599e-15 -1.015854e-14 -1.015854e-14 -7.188694e-15 -4.440892e-15  4.440892e-16  1.526557e-14  1.526557e-14  1.135  0.208
realizedAbs      36.0  8.474149e+01  1.780269e+01  5.091906e+01  5.091906e+01  7.319362e+01  8.363919e+01  9.783968e+01  1.121719e+02  1.121719e+02 -0.028 -0.619
minSpot          36.0  4.809359e-02  2.309951e-03  4.384810e-02  4.384810e-02  4.688516e-02  4.840130e-02  4.880245e-02  5.326244e-02  5.326244e-02  0.330  0.714
maxSpot          36.0  8.433186e-02  3.660033e-03  7.853866e-02  7.853866e-02  8.212848e-02  8.494183e-02  8.631869e-02  9.055348e-02  9.055348e-02 -0.054 -0.845
minCurve         36.0  4.470833e-02  1.527720e-03  4.300000e-02  4.300000e-02  4.337500e-02  4.475000e-02  4.562500e-02  4.750000e-02  4.750000e-02  0.458 -1.009
maxCurve         36.0  9.945833e-02  2.670942e-03  9.600000e-02  9.600000e-02  9.812500e-02  9.900000e-02  1.003750e-01  1.060000e-01  1.060000e-01  1.049  1.022
rounds           36.0  6.000000e+01  0.000000e+00  6.000000e+01  6.000000e+01  6.000000e+01  6.000000e+01  6.000000e+01  6.000000e+01  6.000000e+01  0.000  0.000
settlementLegs   36.0  8.033333e+01  1.393864e+00  7.700000e+01  7.700000e+01  8.000000e+01  8.000000e+01  8.125000e+01  8.200000e+01  8.200000e+01 -0.842  0.774
x402Total        36.0  3.377248e+02  2.960717e+01  2.858705e+02  2.858705e+02  3.185872e+02  3.452421e+02  3.556299e+02  3.827704e+02  3.827704e+02 -0.392 -0.798
deniedWorkers    36.0  0.000000e+00  0.000000e+00  0.000000e+00  0.000000e+00  0.000000e+00  0.000000e+00  0.000000e+00  0.000000e+00  0.000000e+00  0.000  0.000

=== Histograms — mode=x402 ===

seed
  [202606201.00, 430538177.38) | ######################################## 27
  [430538177.38, 658470153.75) |                                          0
  [658470153.75, 886402130.12) |                                          0
  [886402130.12, 1114334106.50) |                                          0
  [1114334106.50, 1342266082.88) |                                          0
  [1342266082.88, 1570198059.25) |                                          0
  [1570198059.25, 1798130035.62) |                                          0
  [1798130035.62, 2026062012.00) | #############                            9

role_pnl
  [    -36.45,     -29.20) | ####                                     1
  [    -29.20,     -21.95) | ####                                     1
  [    -21.95,     -14.70) | ########                                 2
  [    -14.70,      -7.45) | ##########################               6
  [     -7.45,      -0.20) | ###############################          7
  [     -0.20,       7.05) | ######################################## 9
  [      7.05,      14.30) | ##########################               6
  [     14.30,      21.55) | #################                        4

wallet_sum_pnl
  [     -0.00,      -0.00) | ######################################## 9
  [     -0.00,      -0.00) | ######################################## 9
  [     -0.00,      -0.00) | ##########################               6
  [     -0.00,       0.00) | ##########################               6
  [      0.00,       0.00) |                                          0
  [      0.00,       0.00) |                                          0
  [      0.00,       0.00) | #############                            3
  [      0.00,       0.00) | #############                            3

realizedAbs
  [     50.92,      58.58) | #############                            3
  [     58.58,      66.23) |                                          0
  [     66.23,      73.89) | ##########################               6
  [     73.89,      81.55) | ##########################               6
  [     81.55,      89.20) | ######################################## 9
  [     89.20,      96.86) | #############                            3
  [     96.86,     104.52) | #############                            3
  [    104.52,     112.17) | ##########################               6

minSpot
  [      0.04,       0.05) | #############                            3
  [      0.05,       0.05) | ##########################               6
  [      0.05,       0.05) | #############                            3
  [      0.05,       0.05) | ######################################## 9
  [      0.05,       0.05) | ######################################## 9
  [      0.05,       0.05) | #############                            3
  [      0.05,       0.05) |                                          0
  [      0.05,       0.05) | #############                            3

maxSpot
  [      0.08,       0.08) | ##########################               6
  [      0.08,       0.08) |                                          0
  [      0.08,       0.08) | ######################################## 9
  [      0.08,       0.08) | #############                            3
  [      0.08,       0.09) | ######################################## 9
  [      0.09,       0.09) |                                          0
  [      0.09,       0.09) | ##########################               6
  [      0.09,       0.09) | #############                            3

minCurve
  [      0.04,       0.04) | ######################################## 15
  [      0.04,       0.04) |                                          0
  [      0.04,       0.04) | ########                                 3
  [      0.04,       0.05) | ################                         6
  [      0.05,       0.05) | ########                                 3
  [      0.05,       0.05) | ########                                 3
  [      0.05,       0.05) |                                          0
  [      0.05,       0.05) | ################                         6

maxCurve
  [      0.10,       0.10) | ########################                 9
  [      0.10,       0.10) |                                          0
  [      0.10,       0.10) | ######################################## 15
  [      0.10,       0.10) | ########                                 3
  [      0.10,       0.10) | ################                         6
  [      0.10,       0.10) |                                          0
  [      0.10,       0.10) |                                          0
  [      0.10,       0.11) | ########                                 3

rounds
  [     59.50,      59.62) |                                          0
  [     59.62,      59.75) |                                          0
  [     59.75,      59.88) |                                          0
  [     59.88,      60.00) |                                          0
  [     60.00,      60.12) | ######################################## 36
  [     60.12,      60.25) |                                          0
  [     60.25,      60.38) |                                          0
  [     60.38,      60.50) |                                          0

settlementLegs
  [     77.00,      77.62) | ########                                 3
  [     77.62,      78.25) |                                          0
  [     78.25,      78.88) |                                          0
  [     78.88,      79.50) | ########                                 3
  [     79.50,      80.12) | ######################################## 15
  [     80.12,      80.75) |                                          0
  [     80.75,      81.38) | ################                         6
  [     81.38,      82.00) | ########################                 9

x402Total
  [    285.87,     297.98) | ##########################               6
  [    297.98,     310.10) |                                          0
  [    310.10,     322.21) | ##########################               6
  [    322.21,     334.32) | #############                            3
  [    334.32,     346.43) | #############                            3
  [    346.43,     358.55) | ######################################## 9
  [    358.55,     370.66) | #############                            3
  [    370.66,     382.77) | ##########################               6

deniedWorkers
  [     -0.50,      -0.38) |                                          0
  [     -0.38,      -0.25) |                                          0
  [     -0.25,      -0.12) |                                          0
  [     -0.12,       0.00) |                                          0
  [      0.00,       0.12) | ######################################## 36
  [      0.12,       0.25) |                                          0
  [      0.25,       0.38) |                                          0
  [      0.38,       0.50) |                                          0


Stats saved to out/programmatic-eda/compute-futures-2026-06-20/distributions_by_mode.csv
