=== Descriptive Statistics — mode=basket ===
                count          mean           std           min            5%           25%           50%           75%           95%           max   skew   kurt
seed             36.0  6.584733e+08  8.007837e+08  2.026072e+08  2.026072e+08  2.026072e+08  2.026072e+08  6.584733e+08  2.026072e+09  2.026072e+09  1.206 -0.582
role_pnl         36.0 -6.912867e-01  4.330342e+01 -1.061681e+02 -9.100658e+01 -2.726599e+01  6.179835e+00  3.005663e+01  4.748873e+01  6.469002e+01 -0.877  0.156
wallet_sum_pnl   36.0  9.177844e-15  6.339486e-14 -6.394885e-14 -6.394885e-14 -3.497203e-14 -2.087219e-14  5.018208e-14  1.243450e-13  1.243450e-13  0.651 -0.943
realizedAbs      36.0  2.364606e+02  6.774132e+01  1.202162e+02  1.202162e+02  1.897015e+02  2.300762e+02  2.980669e+02  3.247593e+02  3.247593e+02 -0.188 -1.130
minSpot          36.0  1.277825e-01  3.711484e-03  1.203391e-01  1.203391e-01  1.266473e-01  1.280479e-01  1.310410e-01  1.321653e-01  1.321653e-01 -0.705 -0.401
maxSpot          36.0  2.202194e-01  5.123497e-03  2.087420e-01  2.087420e-01  2.171831e-01  2.213586e-01  2.229775e-01  2.292394e-01  2.292394e-01 -0.608  0.496
minCurve         36.0  1.160417e-01  2.125945e-03  1.110000e-01  1.110000e-01  1.153750e-01  1.162500e-01  1.170000e-01  1.200000e-01  1.200000e-01 -0.628  1.341
maxCurve         36.0  2.587917e-01  8.085591e-03  2.455000e-01  2.455000e-01  2.567500e-01  2.580000e-01  2.606250e-01  2.740000e-01  2.740000e-01  0.281  0.016
rounds           36.0  6.000000e+01  0.000000e+00  6.000000e+01  6.000000e+01  6.000000e+01  6.000000e+01  6.000000e+01  6.000000e+01  6.000000e+01  0.000  0.000
settlementLegs   36.0  8.058333e+01  1.518928e+00  7.900000e+01  7.900000e+01  7.900000e+01  8.000000e+01  8.200000e+01  8.300000e+01  8.300000e+01  0.454 -1.330
x402Total        36.0  0.000000e+00  0.000000e+00  0.000000e+00  0.000000e+00  0.000000e+00  0.000000e+00  0.000000e+00  0.000000e+00  0.000000e+00  0.000  0.000
deniedWorkers    36.0  0.000000e+00  0.000000e+00  0.000000e+00  0.000000e+00  0.000000e+00  0.000000e+00  0.000000e+00  0.000000e+00  0.000000e+00  0.000  0.000

=== Histograms — mode=basket ===

seed
  [202607181.00, 430540259.88) | ######################################## 27
  [430540259.88, 658473338.75) |                                          0
  [658473338.75, 886406417.62) |                                          0
  [886406417.62, 1114339496.50) |                                          0
  [1114339496.50, 1342272575.38) |                                          0
  [1342272575.38, 1570205654.25) |                                          0
  [1570205654.25, 1798138733.12) |                                          0
  [1798138733.12, 2026071812.00) | #############                            9

role_pnl
  [   -106.17,     -84.81) | ############                             3
  [    -84.81,     -63.45) | ####                                     1
  [    -63.45,     -42.10) | ####                                     1
  [    -42.10,     -20.74) | ########################                 6
  [    -20.74,       0.62) | ####################                     5
  [      0.62,      21.98) | ########################                 6
  [     21.98,      43.33) | ######################################## 10
  [     43.33,      64.69) | ################                         4

wallet_sum_pnl
  [     -0.00,      -0.00) | ####################                     6
  [     -0.00,      -0.00) | ######################################## 12
  [     -0.00,       0.00) | ##########                               3
  [      0.00,       0.00) |                                          0
  [      0.00,       0.00) | ####################                     6
  [      0.00,       0.00) | ##########                               3
  [      0.00,       0.00) |                                          0
  [      0.00,       0.00) | ####################                     6

realizedAbs
  [    120.22,     145.78) | ##########################               6
  [    145.78,     171.35) |                                          0
  [    171.35,     196.92) | ##########################               6
  [    196.92,     222.49) | #############                            3
  [    222.49,     248.06) | ##########################               6
  [    248.06,     273.62) | #############                            3
  [    273.62,     299.19) | #############                            3
  [    299.19,     324.76) | ######################################## 9

minSpot
  [      0.12,       0.12) | ##########                               3
  [      0.12,       0.12) | ##########                               3
  [      0.12,       0.12) |                                          0
  [      0.12,       0.13) | ##########                               3
  [      0.13,       0.13) | ####################                     6
  [      0.13,       0.13) | ##############################           9
  [      0.13,       0.13) |                                          0
  [      0.13,       0.13) | ######################################## 12

maxSpot
  [      0.21,       0.21) | ##########                               3
  [      0.21,       0.21) |                                          0
  [      0.21,       0.22) | ####################                     6
  [      0.22,       0.22) | ##########                               3
  [      0.22,       0.22) | ####################                     6
  [      0.22,       0.22) | ######################################## 12
  [      0.22,       0.23) | ##########                               3
  [      0.23,       0.23) | ##########                               3

minCurve
  [      0.11,       0.11) | ########                                 3
  [      0.11,       0.11) |                                          0
  [      0.11,       0.11) | ########                                 3
  [      0.11,       0.12) | ########                                 3
  [      0.12,       0.12) | ######################################## 15
  [      0.12,       0.12) | ################                         6
  [      0.12,       0.12) | ########                                 3
  [      0.12,       0.12) | ########                                 3

maxCurve
  [      0.25,       0.25) | ################                         6
  [      0.25,       0.25) |                                          0
  [      0.25,       0.26) | ########                                 3
  [      0.26,       0.26) | ######################################## 15
  [      0.26,       0.26) | ################                         6
  [      0.26,       0.27) |                                          0
  [      0.27,       0.27) |                                          0
  [      0.27,       0.27) | ################                         6

rounds
  [     59.50,      59.62) |                                          0
  [     59.62,      59.75) |                                          0
  [     59.75,      59.88) |                                          0
  [     59.88,      60.00) |                                          0
  [     60.00,      60.12) | ######################################## 36
  [     60.12,      60.25) |                                          0
  [     60.25,      60.38) |                                          0
  [     60.38,      60.50) |                                          0

settlementLegs
  [     79.00,      79.50) | ######################################## 12
  [     79.50,      80.00) |                                          0
  [     80.00,      80.50) | ##############################           9
  [     80.50,      81.00) |                                          0
  [     81.00,      81.50) | ##########                               3
  [     81.50,      82.00) |                                          0
  [     82.00,      82.50) | ####################                     6
  [     82.50,      83.00) | ####################                     6

x402Total
  [     -0.50,      -0.38) |                                          0
  [     -0.38,      -0.25) |                                          0
  [     -0.25,      -0.12) |                                          0
  [     -0.12,       0.00) |                                          0
  [      0.00,       0.12) | ######################################## 36
  [      0.12,       0.25) |                                          0
  [      0.25,       0.38) |                                          0
  [      0.38,       0.50) |                                          0

deniedWorkers
  [     -0.50,      -0.38) |                                          0
  [     -0.38,      -0.25) |                                          0
  [     -0.25,      -0.12) |                                          0
  [     -0.12,       0.00) |                                          0
  [      0.00,       0.12) | ######################################## 36
  [      0.12,       0.25) |                                          0
  [      0.25,       0.38) |                                          0
  [      0.38,       0.50) |                                          0

=== Descriptive Statistics — mode=spread ===
                count          mean           std           min            5%           25%           50%           75%           95%           max   skew   kurt
seed             36.0  6.584733e+08  8.007837e+08  2.026072e+08  2.026072e+08  2.026072e+08  2.026072e+08  6.584733e+08  2.026072e+09  2.026072e+09  1.206 -0.582
role_pnl         36.0 -4.505366e+02  8.898448e+03 -2.141944e+04 -1.617479e+04 -6.146052e+03  1.996073e+03  4.079725e+03  1.203129e+04  1.519473e+04 -0.555 -0.196
wallet_sum_pnl   36.0 -1.449507e-12  5.860672e-12 -1.546141e-11 -1.546141e-11 -4.206413e-12 -9.663381e-13  3.012701e-12  6.252776e-12  6.252776e-12 -0.926  0.593
realizedAbs      36.0  4.593621e+04  1.378389e+04  2.085748e+04  2.085748e+04  3.815057e+04  4.477129e+04  5.143479e+04  7.811445e+04  7.811445e+04  0.602  1.011
minSpot          36.0  4.274267e+01  2.349366e+00  3.834722e+01  3.834722e+01  4.157754e+01  4.281238e+01  4.372994e+01  4.665825e+01  4.665825e+01 -0.026 -0.366
maxSpot          36.0  6.695156e+01  2.055905e+00  6.410145e+01  6.410145e+01  6.516300e+01  6.665103e+01  6.868778e+01  7.003945e+01  7.003945e+01  0.165 -1.317
minCurve         36.0  4.016617e+01  9.985718e-01  3.778700e+01  3.778700e+01  3.977087e+01  4.028850e+01  4.070325e+01  4.150900e+01  4.150900e+01 -0.884  0.798
maxCurve         36.0  7.085296e+01  1.625731e+00  6.834050e+01  6.834050e+01  6.998500e+01  7.040975e+01  7.136163e+01  7.396150e+01  7.396150e+01  0.756 -0.199
rounds           36.0  6.000000e+01  0.000000e+00  6.000000e+01  6.000000e+01  6.000000e+01  6.000000e+01  6.000000e+01  6.000000e+01  6.000000e+01  0.000  0.000
settlementLegs   36.0  7.950000e+01  1.404076e+00  7.700000e+01  7.700000e+01  7.900000e+01  8.000000e+01  8.000000e+01  8.200000e+01  8.200000e+01 -0.393 -0.062
x402Total        36.0  0.000000e+00  0.000000e+00  0.000000e+00  0.000000e+00  0.000000e+00  0.000000e+00  0.000000e+00  0.000000e+00  0.000000e+00  0.000  0.000
deniedWorkers    36.0  0.000000e+00  0.000000e+00  0.000000e+00  0.000000e+00  0.000000e+00  0.000000e+00  0.000000e+00  0.000000e+00  0.000000e+00  0.000  0.000

=== Histograms — mode=spread ===

seed
  [202607181.00, 430540259.88) | ######################################## 27
  [430540259.88, 658473338.75) |                                          0
  [658473338.75, 886406417.62) |                                          0
  [886406417.62, 1114339496.50) |                                          0
  [1114339496.50, 1342272575.38) |                                          0
  [1342272575.38, 1570205654.25) |                                          0
  [1570205654.25, 1798138733.12) |                                          0
  [1798138733.12, 2026071812.00) | #############                            9

role_pnl
  [ -21419.44,  -16842.67) | ###                                      1
  [ -16842.67,  -12265.90) | ##############                           4
  [ -12265.90,   -7689.13) | #######                                  2
  [  -7689.13,   -3112.36) | #####################                    6
  [  -3112.36,    1464.41) | ##############                           4
  [   1464.41,    6041.18) | ######################################## 11
  [   6041.18,   10617.96) | ##############                           4
  [  10617.96,   15194.73) | ##############                           4

wallet_sum_pnl
  [     -0.00,      -0.00) | ##########                               3
  [     -0.00,      -0.00) |                                          0
  [     -0.00,      -0.00) |                                          0
  [     -0.00,      -0.00) | ##########                               3
  [     -0.00,      -0.00) | ######################################## 12
  [     -0.00,       0.00) |                                          0
  [      0.00,       0.00) | ######################################## 12
  [      0.00,       0.00) | ####################                     6

realizedAbs
  [  20857.48,   28014.60) | #############                            3
  [  28014.60,   35171.72) | #############                            3
  [  35171.72,   42328.85) | ######################################## 9
  [  42328.85,   49485.97) | ######################################## 9
  [  49485.97,   56643.09) | ##########################               6
  [  56643.09,   63800.21) | #############                            3
  [  63800.21,   70957.33) |                                          0
  [  70957.33,   78114.45) | #############                            3

minSpot
  [     38.35,      39.39) | ##########                               3
  [     39.39,      40.42) | ##########                               3
  [     40.42,      41.46) | ##########                               3
  [     41.46,      42.50) | ####################                     6
  [     42.50,      43.54) | ######################################## 12
  [     43.54,      44.58) |                                          0
  [     44.58,      45.62) | ##########                               3
  [     45.62,      46.66) | ####################                     6

maxSpot
  [     64.10,      64.84) | ######################################## 6
  [     64.84,      65.59) | ######################################## 6
  [     65.59,      66.33) | ####################                     3
  [     66.33,      67.07) | ######################################## 6
  [     67.07,      67.81) | ####################                     3
  [     67.81,      68.55) |                                          0
  [     68.55,      69.30) | ######################################## 6
  [     69.30,      70.04) | ######################################## 6

minCurve
  [     37.79,      38.25) | ##########                               3
  [     38.25,      38.72) |                                          0
  [     38.72,      39.18) |                                          0
  [     39.18,      39.65) | ####################                     6
  [     39.65,      40.11) | ##########                               3
  [     40.11,      40.58) | ######################################## 12
  [     40.58,      41.04) | ####################                     6
  [     41.04,      41.51) | ####################                     6

maxCurve
  [     68.34,      69.04) | ##########                               3
  [     69.04,      69.75) | ##########                               3
  [     69.75,      70.45) | ######################################## 12
  [     70.45,      71.15) | ##############################           9
  [     71.15,      71.85) |                                          0
  [     71.85,      72.56) | ##########                               3
  [     72.56,      73.26) |                                          0
  [     73.26,      73.96) | ####################                     6

rounds
  [     59.50,      59.62) |                                          0
  [     59.62,      59.75) |                                          0
  [     59.75,      59.88) |                                          0
  [     59.88,      60.00) |                                          0
  [     60.00,      60.12) | ######################################## 36
  [     60.12,      60.25) |                                          0
  [     60.25,      60.38) |                                          0
  [     60.38,      60.50) |                                          0

settlementLegs
  [     77.00,      77.62) | ################                         6
  [     77.62,      78.25) |                                          0
  [     78.25,      78.88) |                                          0
  [     78.88,      79.50) | ########################                 9
  [     79.50,      80.12) | ######################################## 15
  [     80.12,      80.75) |                                          0
  [     80.75,      81.38) | ########                                 3
  [     81.38,      82.00) | ########                                 3

x402Total
  [     -0.50,      -0.38) |                                          0
  [     -0.38,      -0.25) |                                          0
  [     -0.25,      -0.12) |                                          0
  [     -0.12,       0.00) |                                          0
  [      0.00,       0.12) | ######################################## 36
  [      0.12,       0.25) |                                          0
  [      0.25,       0.38) |                                          0
  [      0.38,       0.50) |                                          0

deniedWorkers
  [     -0.50,      -0.38) |                                          0
  [     -0.38,      -0.25) |                                          0
  [     -0.25,      -0.12) |                                          0
  [     -0.12,       0.00) |                                          0
  [      0.00,       0.12) | ######################################## 36
  [      0.12,       0.25) |                                          0
  [      0.25,       0.38) |                                          0
  [      0.38,       0.50) |                                          0

=== Descriptive Statistics — mode=synthetic ===
                count          mean           std           min            5%           25%           50%           75%           95%           max   skew   kurt
seed             36.0  6.584733e+08  8.007837e+08  2.026072e+08  2.026072e+08  2.026072e+08  2.026072e+08  6.584733e+08  2.026072e+09  2.026072e+09  1.206 -0.582
role_pnl         36.0 -2.695813e-01  1.448455e+01 -3.478297e+01 -3.113274e+01 -8.258155e+00  1.726402e+00  1.154771e+01  1.600567e+01  2.198041e+01 -0.916  0.343
wallet_sum_pnl   36.0  1.260566e-15  1.271000e-14 -1.687539e-14 -1.687539e-14 -7.771561e-15 -9.992007e-16  9.325873e-15  2.411960e-14  2.411960e-14  0.332 -0.891
realizedAbs      36.0  8.688105e+01  2.592382e+01  4.281721e+01  4.281721e+01  6.838096e+01  8.605437e+01  1.040217e+02  1.230728e+02  1.230728e+02 -0.161 -1.031
minSpot          36.0  4.867904e-02  1.413899e-03  4.584347e-02  4.584347e-02  4.824657e-02  4.878014e-02  4.992037e-02  5.034867e-02  5.034867e-02 -0.705 -0.401
maxSpot          36.0  8.389311e-02  1.951808e-03  7.952075e-02  7.952075e-02  8.273641e-02  8.432708e-02  8.494382e-02  8.732929e-02  8.732929e-02 -0.608  0.496
minCurve         36.0  4.425000e-02  8.409179e-04  4.250000e-02  4.250000e-02  4.387500e-02  4.450000e-02  4.462500e-02  4.550000e-02  4.550000e-02 -0.744 -0.175
maxCurve         36.0  9.910417e-02  2.937671e-03  9.375000e-02  9.375000e-02  9.787500e-02  1.000000e-01  1.006250e-01  1.045000e-01  1.045000e-01 -0.410 -0.008
rounds           36.0  6.000000e+01  0.000000e+00  6.000000e+01  6.000000e+01  6.000000e+01  6.000000e+01  6.000000e+01  6.000000e+01  6.000000e+01  0.000  0.000
settlementLegs   36.0  7.983333e+01  1.230563e+00  7.800000e+01  7.800000e+01  7.900000e+01  8.000000e+01  8.100000e+01  8.200000e+01  8.200000e+01  0.043 -0.984
x402Total        36.0  0.000000e+00  0.000000e+00  0.000000e+00  0.000000e+00  0.000000e+00  0.000000e+00  0.000000e+00  0.000000e+00  0.000000e+00  0.000  0.000
deniedWorkers    36.0  0.000000e+00  0.000000e+00  0.000000e+00  0.000000e+00  0.000000e+00  0.000000e+00  0.000000e+00  0.000000e+00  0.000000e+00  0.000  0.000

=== Histograms — mode=synthetic ===

seed
  [202607181.00, 430540259.88) | ######################################## 27
  [430540259.88, 658473338.75) |                                          0
  [658473338.75, 886406417.62) |                                          0
  [886406417.62, 1114339496.50) |                                          0
  [1114339496.50, 1342272575.38) |                                          0
  [1342272575.38, 1570205654.25) |                                          0
  [1570205654.25, 1798138733.12) |                                          0
  [1798138733.12, 2026071812.00) | #############                            9

role_pnl
  [    -34.78,     -27.69) | ###############                          3
  [    -27.69,     -20.59) | #####                                    1
  [    -20.59,     -13.50) | ##########                               2
  [    -13.50,      -6.40) | ####################                     4
  [     -6.40,       0.69) | ##############################           6
  [      0.69,       7.79) | ######################################## 8
  [      7.79,      14.88) | ###################################      7
  [     14.88,      21.98) | #########################                5

wallet_sum_pnl
  [     -0.00,      -0.00) | ##########################               6
  [     -0.00,      -0.00) | ##########################               6
  [     -0.00,      -0.00) | #############                            3
  [     -0.00,       0.00) | ######################################## 9
  [      0.00,       0.00) | #############                            3
  [      0.00,       0.00) |                                          0
  [      0.00,       0.00) | ##########################               6
  [      0.00,       0.00) | #############                            3

realizedAbs
  [     42.82,      52.85) | ##########################               6
  [     52.85,      62.88) |                                          0
  [     62.88,      72.91) | ##########################               6
  [     72.91,      82.95) | #############                            3
  [     82.95,      92.98) | ##########################               6
  [     92.98,     103.01) | ##########################               6
  [    103.01,     113.04) |                                          0
  [    113.04,     123.07) | ######################################## 9

minSpot
  [      0.05,       0.05) | ##########                               3
  [      0.05,       0.05) | ##########                               3
  [      0.05,       0.05) |                                          0
  [      0.05,       0.05) | ##########                               3
  [      0.05,       0.05) | ####################                     6
  [      0.05,       0.05) | ##############################           9
  [      0.05,       0.05) |                                          0
  [      0.05,       0.05) | ######################################## 12

maxSpot
  [      0.08,       0.08) | ##########                               3
  [      0.08,       0.08) |                                          0
  [      0.08,       0.08) | ####################                     6
  [      0.08,       0.08) | ##########                               3
  [      0.08,       0.08) | ####################                     6
  [      0.08,       0.09) | ######################################## 12
  [      0.09,       0.09) | ##########                               3
  [      0.09,       0.09) | ##########                               3

minCurve
  [      0.04,       0.04) | ########                                 3
  [      0.04,       0.04) | ########                                 3
  [      0.04,       0.04) | ########                                 3
  [      0.04,       0.04) |                                          0
  [      0.04,       0.04) | ########                                 3
  [      0.04,       0.04) | ######################################## 15
  [      0.04,       0.05) | ################                         6
  [      0.05,       0.05) | ########                                 3

maxCurve
  [      0.09,       0.10) | ####################                     6
  [      0.10,       0.10) |                                          0
  [      0.10,       0.10) | ##########                               3
  [      0.10,       0.10) | ####################                     6
  [      0.10,       0.10) | ####################                     6
  [      0.10,       0.10) | ######################################## 12
  [      0.10,       0.10) |                                          0
  [      0.10,       0.10) | ##########                               3

rounds
  [     59.50,      59.62) |                                          0
  [     59.62,      59.75) |                                          0
  [     59.75,      59.88) |                                          0
  [     59.88,      60.00) |                                          0
  [     60.00,      60.12) | ######################################## 36
  [     60.12,      60.25) |                                          0
  [     60.25,      60.38) |                                          0
  [     60.38,      60.50) |                                          0

settlementLegs
  [     78.00,      78.50) | ##########################               6
  [     78.50,      79.00) |                                          0
  [     79.00,      79.50) | ######################################## 9
  [     79.50,      80.00) |                                          0
  [     80.00,      80.50) | ######################################## 9
  [     80.50,      81.00) |                                          0
  [     81.00,      81.50) | ######################################## 9
  [     81.50,      82.00) | #############                            3

x402Total
  [     -0.50,      -0.38) |                                          0
  [     -0.38,      -0.25) |                                          0
  [     -0.25,      -0.12) |                                          0
  [     -0.12,       0.00) |                                          0
  [      0.00,       0.12) | ######################################## 36
  [      0.12,       0.25) |                                          0
  [      0.25,       0.38) |                                          0
  [      0.38,       0.50) |                                          0

deniedWorkers
  [     -0.50,      -0.38) |                                          0
  [     -0.38,      -0.25) |                                          0
  [     -0.25,      -0.12) |                                          0
  [     -0.12,       0.00) |                                          0
  [      0.00,       0.12) | ######################################## 36
  [      0.12,       0.25) |                                          0
  [      0.25,       0.38) |                                          0
  [      0.38,       0.50) |                                          0

=== Descriptive Statistics — mode=x402 ===
                count          mean           std           min            5%           25%           50%           75%           95%           max   skew   kurt
seed             36.0  6.584733e+08  8.007837e+08  2.026072e+08  2.026072e+08  2.026072e+08  2.026072e+08  6.584733e+08  2.026072e+09  2.026072e+09  1.206 -0.582
role_pnl         36.0 -2.695813e-01  1.448455e+01 -3.478297e+01 -3.113274e+01 -8.258155e+00  1.726402e+00  1.154771e+01  1.600567e+01  2.198041e+01 -0.916  0.343
wallet_sum_pnl   36.0  1.260566e-15  1.271000e-14 -1.687539e-14 -1.687539e-14 -7.771561e-15 -9.992007e-16  9.325873e-15  2.411960e-14  2.411960e-14  0.332 -0.891
realizedAbs      36.0  8.688105e+01  2.592382e+01  4.281721e+01  4.281721e+01  6.838096e+01  8.605437e+01  1.040217e+02  1.230728e+02  1.230728e+02 -0.161 -1.031
minSpot          36.0  4.867904e-02  1.413899e-03  4.584347e-02  4.584347e-02  4.824657e-02  4.878014e-02  4.992037e-02  5.034867e-02  5.034867e-02 -0.705 -0.401
maxSpot          36.0  8.389311e-02  1.951808e-03  7.952075e-02  7.952075e-02  8.273641e-02  8.432708e-02  8.494382e-02  8.732929e-02  8.732929e-02 -0.608  0.496
minCurve         36.0  4.425000e-02  8.409179e-04  4.250000e-02  4.250000e-02  4.387500e-02  4.450000e-02  4.462500e-02  4.550000e-02  4.550000e-02 -0.744 -0.175
maxCurve         36.0  9.910417e-02  2.937671e-03  9.375000e-02  9.375000e-02  9.787500e-02  1.000000e-01  1.006250e-01  1.045000e-01  1.045000e-01 -0.410 -0.008
rounds           36.0  6.000000e+01  0.000000e+00  6.000000e+01  6.000000e+01  6.000000e+01  6.000000e+01  6.000000e+01  6.000000e+01  6.000000e+01  0.000  0.000
settlementLegs   36.0  7.983333e+01  1.230563e+00  7.800000e+01  7.800000e+01  7.900000e+01  8.000000e+01  8.100000e+01  8.200000e+01  8.200000e+01  0.043 -0.984
x402Total        36.0  3.225627e+02  2.465482e+01  2.852222e+02  2.852222e+02  3.042462e+02  3.210580e+02  3.474364e+02  3.619917e+02  3.619917e+02  0.163 -1.275
deniedWorkers    36.0  0.000000e+00  0.000000e+00  0.000000e+00  0.000000e+00  0.000000e+00  0.000000e+00  0.000000e+00  0.000000e+00  0.000000e+00  0.000  0.000

=== Histograms — mode=x402 ===

seed
  [202607181.00, 430540259.88) | ######################################## 27
  [430540259.88, 658473338.75) |                                          0
  [658473338.75, 886406417.62) |                                          0
  [886406417.62, 1114339496.50) |                                          0
  [1114339496.50, 1342272575.38) |                                          0
  [1342272575.38, 1570205654.25) |                                          0
  [1570205654.25, 1798138733.12) |                                          0
  [1798138733.12, 2026071812.00) | #############                            9

role_pnl
  [    -34.78,     -27.69) | ###############                          3
  [    -27.69,     -20.59) | #####                                    1
  [    -20.59,     -13.50) | ##########                               2
  [    -13.50,      -6.40) | ####################                     4
  [     -6.40,       0.69) | ##############################           6
  [      0.69,       7.79) | ######################################## 8
  [      7.79,      14.88) | ###################################      7
  [     14.88,      21.98) | #########################                5

wallet_sum_pnl
  [     -0.00,      -0.00) | ##########################               6
  [     -0.00,      -0.00) | ##########################               6
  [     -0.00,      -0.00) | #############                            3
  [     -0.00,       0.00) | ######################################## 9
  [      0.00,       0.00) | #############                            3
  [      0.00,       0.00) |                                          0
  [      0.00,       0.00) | ##########################               6
  [      0.00,       0.00) | #############                            3

realizedAbs
  [     42.82,      52.85) | ##########################               6
  [     52.85,      62.88) |                                          0
  [     62.88,      72.91) | ##########################               6
  [     72.91,      82.95) | #############                            3
  [     82.95,      92.98) | ##########################               6
  [     92.98,     103.01) | ##########################               6
  [    103.01,     113.04) |                                          0
  [    113.04,     123.07) | ######################################## 9

minSpot
  [      0.05,       0.05) | ##########                               3
  [      0.05,       0.05) | ##########                               3
  [      0.05,       0.05) |                                          0
  [      0.05,       0.05) | ##########                               3
  [      0.05,       0.05) | ####################                     6
  [      0.05,       0.05) | ##############################           9
  [      0.05,       0.05) |                                          0
  [      0.05,       0.05) | ######################################## 12

maxSpot
  [      0.08,       0.08) | ##########                               3
  [      0.08,       0.08) |                                          0
  [      0.08,       0.08) | ####################                     6
  [      0.08,       0.08) | ##########                               3
  [      0.08,       0.08) | ####################                     6
  [      0.08,       0.09) | ######################################## 12
  [      0.09,       0.09) | ##########                               3
  [      0.09,       0.09) | ##########                               3

minCurve
  [      0.04,       0.04) | ########                                 3
  [      0.04,       0.04) | ########                                 3
  [      0.04,       0.04) | ########                                 3
  [      0.04,       0.04) |                                          0
  [      0.04,       0.04) | ########                                 3
  [      0.04,       0.04) | ######################################## 15
  [      0.04,       0.05) | ################                         6
  [      0.05,       0.05) | ########                                 3

maxCurve
  [      0.09,       0.10) | ####################                     6
  [      0.10,       0.10) |                                          0
  [      0.10,       0.10) | ##########                               3
  [      0.10,       0.10) | ####################                     6
  [      0.10,       0.10) | ####################                     6
  [      0.10,       0.10) | ######################################## 12
  [      0.10,       0.10) |                                          0
  [      0.10,       0.10) | ##########                               3

rounds
  [     59.50,      59.62) |                                          0
  [     59.62,      59.75) |                                          0
  [     59.75,      59.88) |                                          0
  [     59.88,      60.00) |                                          0
  [     60.00,      60.12) | ######################################## 36
  [     60.12,      60.25) |                                          0
  [     60.25,      60.38) |                                          0
  [     60.38,      60.50) |                                          0

settlementLegs
  [     78.00,      78.50) | ##########################               6
  [     78.50,      79.00) |                                          0
  [     79.00,      79.50) | ######################################## 9
  [     79.50,      80.00) |                                          0
  [     80.00,      80.50) | ######################################## 9
  [     80.50,      81.00) |                                          0
  [     81.00,      81.50) | ######################################## 9
  [     81.50,      82.00) | #############                            3

x402Total
  [    285.22,     294.82) | ######################################## 6
  [    294.82,     304.41) | ####################                     3
  [    304.41,     314.01) | ######################################## 6
  [    314.01,     323.61) | ####################                     3
  [    323.61,     333.20) | ######################################## 6
  [    333.20,     342.80) |                                          0
  [    342.80,     352.40) | ######################################## 6
  [    352.40,     361.99) | ######################################## 6

deniedWorkers
  [     -0.50,      -0.38) |                                          0
  [     -0.38,      -0.25) |                                          0
  [     -0.25,      -0.12) |                                          0
  [     -0.12,       0.00) |                                          0
  [      0.00,       0.12) | ######################################## 36
  [      0.12,       0.25) |                                          0
  [      0.25,       0.38) |                                          0
  [      0.38,       0.50) |                                          0


Stats saved to out/programmatic-eda/compute-futures-2026-07-18/distributions_by_mode.csv
