=== Descriptive Statistics — mode=basket ===
                count          mean           std           min            5%           25%           50%           75%           95%           max   skew   kurt
seed             36.0  6.584698e+08  8.007794e+08  2.026061e+08  2.026061e+08  2.026061e+08  2.026061e+08  6.584698e+08  2.026061e+09  2.026061e+09  1.206 -0.582
role_pnl         36.0 -1.301495e+00  3.236863e+01 -8.103625e+01 -6.855561e+01 -2.193419e+01  7.570601e+00  2.573255e+01  3.567116e+01  4.518849e+01 -0.854  0.053
wallet_sum_pnl   36.0  2.364775e-14  3.113992e-14 -2.042810e-14 -2.042810e-14 -6.661338e-16  1.199041e-14  5.245804e-14  7.815970e-14  7.815970e-14  0.297 -1.373
realizedAbs      36.0  1.897228e+02  5.617636e+01  1.065356e+02  1.065356e+02  1.508273e+02  1.671575e+02  2.424411e+02  2.844797e+02  2.844797e+02  0.404 -1.186
minSpot          36.0  1.147863e-01  5.329886e-03  1.077935e-01  1.077935e-01  1.096034e-01  1.140218e-01  1.189399e-01  1.237930e-01  1.237930e-01  0.287 -1.297
maxSpot          36.0  1.989207e-01  5.991220e-03  1.880054e-01  1.880054e-01  1.949879e-01  1.982258e-01  2.030270e-01  2.080601e-01  2.080601e-01  0.077 -0.815
minCurve         36.0  1.056250e-01  2.561738e-03  1.005000e-01  1.005000e-01  1.040000e-01  1.055000e-01  1.076250e-01  1.095000e-01  1.095000e-01 -0.376 -0.579
maxCurve         36.0  2.388958e-01  4.720160e-03  2.337500e-01  2.337500e-01  2.347500e-01  2.382500e-01  2.407500e-01  2.485000e-01  2.485000e-01  0.868 -0.209
rounds           36.0  6.000000e+01  0.000000e+00  6.000000e+01  6.000000e+01  6.000000e+01  6.000000e+01  6.000000e+01  6.000000e+01  6.000000e+01  0.000  0.000
settlementLegs   36.0  7.975000e+01  1.903005e+00  7.600000e+01  7.600000e+01  7.900000e+01  7.950000e+01  8.100000e+01  8.400000e+01  8.400000e+01  0.301  0.930
x402Total        36.0  0.000000e+00  0.000000e+00  0.000000e+00  0.000000e+00  0.000000e+00  0.000000e+00  0.000000e+00  0.000000e+00  0.000000e+00  0.000  0.000
deniedWorkers    36.0  0.000000e+00  0.000000e+00  0.000000e+00  0.000000e+00  0.000000e+00  0.000000e+00  0.000000e+00  0.000000e+00  0.000000e+00  0.000  0.000

=== Histograms — mode=basket ===

seed
  [202606091.00, 430537943.62) | ######################################## 27
  [430537943.62, 658469796.25) |                                          0
  [658469796.25, 886401648.88) |                                          0
  [886401648.88, 1114333501.50) |                                          0
  [1114333501.50, 1342265354.12) |                                          0
  [1342265354.12, 1570197206.75) |                                          0
  [1570197206.75, 1798129059.38) |                                          0
  [1798129059.38, 2026060912.00) | #############                            9

role_pnl
  [    -81.04,     -65.26) | ###############                          3
  [    -65.26,     -49.48) |                                          0
  [    -49.48,     -33.70) | ###############                          3
  [    -33.70,     -17.92) | #########################                5
  [    -17.92,      -2.15) | ####################                     4
  [     -2.15,      13.63) | ######################################## 8
  [     13.63,      29.41) | ######################################## 8
  [     29.41,      45.19) | #########################                5

wallet_sum_pnl
  [     -0.00,      -0.00) | ##########                               3
  [     -0.00,       0.00) | ######################################## 12
  [      0.00,       0.00) | ####################                     6
  [      0.00,       0.00) |                                          0
  [      0.00,       0.00) |                                          0
  [      0.00,       0.00) | ##############################           9
  [      0.00,       0.00) | ##########                               3
  [      0.00,       0.00) | ##########                               3

realizedAbs
  [    106.54,     128.78) | ##########                               3
  [    128.78,     151.02) | ####################                     6
  [    151.02,     173.26) | ######################################## 12
  [    173.26,     195.51) |                                          0
  [    195.51,     217.75) | ##########                               3
  [    217.75,     239.99) | ##########                               3
  [    239.99,     262.24) | ##########                               3
  [    262.24,     284.48) | ####################                     6

minSpot
  [      0.11,       0.11) | ######################################## 12
  [      0.11,       0.11) |                                          0
  [      0.11,       0.11) | ####################                     6
  [      0.11,       0.12) | ##########                               3
  [      0.12,       0.12) | ##########                               3
  [      0.12,       0.12) | ##########                               3
  [      0.12,       0.12) | ##########                               3
  [      0.12,       0.12) | ####################                     6

maxSpot
  [      0.19,       0.19) | ##########                               3
  [      0.19,       0.19) |                                          0
  [      0.19,       0.20) | ######################################## 12
  [      0.20,       0.20) | ##########                               3
  [      0.20,       0.20) | ####################                     6
  [      0.20,       0.20) | ##########                               3
  [      0.20,       0.21) |                                          0
  [      0.21,       0.21) | ##############################           9

minCurve
  [      0.10,       0.10) | ##########                               3
  [      0.10,       0.10) | ##########                               3
  [      0.10,       0.10) |                                          0
  [      0.10,       0.11) | ######################################## 12
  [      0.11,       0.11) | ##########                               3
  [      0.11,       0.11) | ##########                               3
  [      0.11,       0.11) | ####################                     6
  [      0.11,       0.11) | ####################                     6

maxCurve
  [      0.23,       0.24) | ######################################## 12
  [      0.24,       0.24) |                                          0
  [      0.24,       0.24) | ######################################## 12
  [      0.24,       0.24) | ##########                               3
  [      0.24,       0.24) | ##########                               3
  [      0.24,       0.24) |                                          0
  [      0.24,       0.25) |                                          0
  [      0.25,       0.25) | ####################                     6

rounds
  [     59.50,      59.62) |                                          0
  [     59.62,      59.75) |                                          0
  [     59.75,      59.88) |                                          0
  [     59.88,      60.00) |                                          0
  [     60.00,      60.12) | ######################################## 36
  [     60.12,      60.25) |                                          0
  [     60.25,      60.38) |                                          0
  [     60.38,      60.50) |                                          0

settlementLegs
  [     76.00,      77.00) | ##########                               3
  [     77.00,      78.00) |                                          0
  [     78.00,      79.00) | ##########                               3
  [     79.00,      80.00) | ######################################## 12
  [     80.00,      81.00) | ####################                     6
  [     81.00,      82.00) | ##############################           9
  [     82.00,      83.00) |                                          0
  [     83.00,      84.00) | ##########                               3

x402Total
  [     -0.50,      -0.38) |                                          0
  [     -0.38,      -0.25) |                                          0
  [     -0.25,      -0.12) |                                          0
  [     -0.12,       0.00) |                                          0
  [      0.00,       0.12) | ######################################## 36
  [      0.12,       0.25) |                                          0
  [      0.25,       0.38) |                                          0
  [      0.38,       0.50) |                                          0

deniedWorkers
  [     -0.50,      -0.38) |                                          0
  [     -0.38,      -0.25) |                                          0
  [     -0.25,      -0.12) |                                          0
  [     -0.12,       0.00) |                                          0
  [      0.00,       0.12) | ######################################## 36
  [      0.12,       0.25) |                                          0
  [      0.25,       0.38) |                                          0
  [      0.38,       0.50) |                                          0

=== Descriptive Statistics — mode=spread ===
                count          mean           std           min            5%           25%           50%           75%           95%           max   skew   kurt
seed             36.0  6.584698e+08  8.007794e+08  2.026061e+08  2.026061e+08  2.026061e+08  2.026061e+08  6.584698e+08  2.026061e+09  2.026061e+09  1.206 -0.582
role_pnl         36.0 -6.255151e+02  1.091959e+04 -2.271084e+04 -1.945406e+04 -5.337817e+03  1.134940e+02  5.011677e+03  1.725119e+04  1.924126e+04 -0.229 -0.348
wallet_sum_pnl   36.0 -3.083755e-12  5.977537e-12 -1.273293e-11 -1.273293e-11 -6.139089e-12 -5.002221e-12 -6.252776e-13  1.000444e-11  1.000444e-11  0.769  0.313
realizedAbs      36.0  5.129582e+04  9.243401e+03  2.541415e+04  2.541415e+04  4.920300e+04  5.277455e+04  5.711918e+04  6.123870e+04  6.123870e+04 -1.775  3.264
minSpot          36.0  4.256144e+01  2.137409e+00  3.903633e+01  3.903633e+01  4.117761e+01  4.189712e+01  4.386717e+01  4.600934e+01  4.600934e+01  0.342 -0.897
maxSpot          36.0  6.612429e+01  3.086684e+00  6.258692e+01  6.258692e+01  6.446733e+01  6.567246e+01  6.656462e+01  7.531788e+01  7.531788e+01  2.188  4.966
minCurve         36.0  3.995900e+01  9.778125e-01  3.838850e+01  3.838850e+01  3.893388e+01  4.047425e+01  4.060750e+01  4.106950e+01  4.106950e+01 -0.626 -1.363
maxCurve         36.0  6.908629e+01  1.071616e+00  6.696250e+01  6.696250e+01  6.843313e+01  6.937175e+01  6.999287e+01  7.033900e+01  7.033900e+01 -0.793 -0.514
rounds           36.0  6.000000e+01  0.000000e+00  6.000000e+01  6.000000e+01  6.000000e+01  6.000000e+01  6.000000e+01  6.000000e+01  6.000000e+01  0.000  0.000
settlementLegs   36.0  7.900000e+01  2.070197e+00  7.400000e+01  7.400000e+01  7.800000e+01  7.900000e+01  8.025000e+01  8.200000e+01  8.200000e+01 -0.921  0.924
x402Total        36.0  0.000000e+00  0.000000e+00  0.000000e+00  0.000000e+00  0.000000e+00  0.000000e+00  0.000000e+00  0.000000e+00  0.000000e+00  0.000  0.000
deniedWorkers    36.0  0.000000e+00  0.000000e+00  0.000000e+00  0.000000e+00  0.000000e+00  0.000000e+00  0.000000e+00  0.000000e+00  0.000000e+00  0.000  0.000

=== Histograms — mode=spread ===

seed
  [202606091.00, 430537943.62) | ######################################## 27
  [430537943.62, 658469796.25) |                                          0
  [658469796.25, 886401648.88) |                                          0
  [886401648.88, 1114333501.50) |                                          0
  [1114333501.50, 1342265354.12) |                                          0
  [1342265354.12, 1570197206.75) |                                          0
  [1570197206.75, 1798129059.38) |                                          0
  [1798129059.38, 2026060912.00) | #############                            9

role_pnl
  [ -22710.84,  -17466.83) | #############                            3
  [ -17466.83,  -12222.81) | #################                        4
  [ -12222.81,   -6978.80) | ####                                     1
  [  -6978.80,   -1734.79) | ##########################               6
  [  -1734.79,    3509.22) | ######################################## 9
  [   3509.22,    8753.24) | ######################                   5
  [   8753.24,   13997.25) | ######################                   5
  [  13997.25,   19241.26) | #############                            3

wallet_sum_pnl
  [     -0.00,      -0.00) | ########                                 3
  [     -0.00,      -0.00) | ########                                 3
  [     -0.00,      -0.00) | ######################################## 15
  [     -0.00,      -0.00) | ########                                 3
  [     -0.00,       0.00) | ################                         6
  [      0.00,       0.00) |                                          0
  [      0.00,       0.00) | ########                                 3
  [      0.00,       0.00) | ########                                 3

realizedAbs
  [  25414.15,   29892.22) | ##########                               3
  [  29892.22,   34370.29) |                                          0
  [  34370.29,   38848.36) |                                          0
  [  38848.36,   43326.43) |                                          0
  [  43326.43,   47804.50) | ####################                     6
  [  47804.50,   52282.57) | ##############################           9
  [  52282.57,   56760.63) | ####################                     6
  [  56760.63,   61238.70) | ######################################## 12

minSpot
  [     39.04,      39.91) | #############                            3
  [     39.91,      40.78) | #############                            3
  [     40.78,      41.65) | ######################################## 9
  [     41.65,      42.52) | ##########################               6
  [     42.52,      43.39) | ##########################               6
  [     43.39,      44.27) |                                          0
  [     44.27,      45.14) |                                          0
  [     45.14,      46.01) | ######################################## 9

maxSpot
  [     62.59,      64.18) | ################                         6
  [     64.18,      65.77) | ################################         12
  [     65.77,      67.36) | ######################################## 15
  [     67.36,      68.95) |                                          0
  [     68.95,      70.54) |                                          0
  [     70.54,      72.14) |                                          0
  [     72.14,      73.73) |                                          0
  [     73.73,      75.32) | ########                                 3

minCurve
  [     38.39,      38.72) | ########################                 9
  [     38.72,      39.06) | ########                                 3
  [     39.06,      39.39) |                                          0
  [     39.39,      39.73) |                                          0
  [     39.73,      40.06) |                                          0
  [     40.06,      40.40) | ########                                 3
  [     40.40,      40.73) | ######################################## 15
  [     40.73,      41.07) | ################                         6

maxCurve
  [     66.96,      67.38) | ####################                     6
  [     67.38,      67.81) |                                          0
  [     67.81,      68.23) |                                          0
  [     68.23,      68.65) | ####################                     6
  [     68.65,      69.07) |                                          0
  [     69.07,      69.49) | ##############################           9
  [     69.49,      69.92) | ##########                               3
  [     69.92,      70.34) | ######################################## 12

rounds
  [     59.50,      59.62) |                                          0
  [     59.62,      59.75) |                                          0
  [     59.75,      59.88) |                                          0
  [     59.88,      60.00) |                                          0
  [     60.00,      60.12) | ######################################## 36
  [     60.12,      60.25) |                                          0
  [     60.25,      60.38) |                                          0
  [     60.38,      60.50) |                                          0

settlementLegs
  [     74.00,      75.00) | #############                            3
  [     75.00,      76.00) |                                          0
  [     76.00,      77.00) |                                          0
  [     77.00,      78.00) | #############                            3
  [     78.00,      79.00) | ##########################               6
  [     79.00,      80.00) | ######################################## 9
  [     80.00,      81.00) | ##########################               6
  [     81.00,      82.00) | ######################################## 9

x402Total
  [     -0.50,      -0.38) |                                          0
  [     -0.38,      -0.25) |                                          0
  [     -0.25,      -0.12) |                                          0
  [     -0.12,       0.00) |                                          0
  [      0.00,       0.12) | ######################################## 36
  [      0.12,       0.25) |                                          0
  [      0.25,       0.38) |                                          0
  [      0.38,       0.50) |                                          0

deniedWorkers
  [     -0.50,      -0.38) |                                          0
  [     -0.38,      -0.25) |                                          0
  [     -0.25,      -0.12) |                                          0
  [     -0.12,       0.00) |                                          0
  [      0.00,       0.12) | ######################################## 36
  [      0.12,       0.25) |                                          0
  [      0.25,       0.38) |                                          0
  [      0.38,       0.50) |                                          0

=== Descriptive Statistics — mode=synthetic ===
                count          mean           std           min            5%           25%           50%           75%           95%           max   skew   kurt
seed             36.0  6.584698e+08  8.007794e+08  2.026061e+08  2.026061e+08  2.026061e+08  2.026061e+08  6.584698e+08  2.026061e+09  2.026061e+09  1.206 -0.582
role_pnl         36.0 -5.177252e-01  1.240851e+01 -3.318904e+01 -2.695048e+01 -7.668775e+00  2.745137e+00  8.569051e+00  1.287858e+01  1.892274e+01 -0.954  0.508
wallet_sum_pnl   36.0 -9.043692e-16  1.033509e-14 -1.554312e-14 -1.554312e-14 -7.473189e-15 -2.886580e-15  9.159340e-16  2.309264e-14  2.309264e-14  1.151  0.813
realizedAbs      36.0  7.671459e+01  2.471343e+01  4.281823e+01  4.281823e+01  5.887244e+01  6.776491e+01  1.020834e+02  1.185183e+02  1.185183e+02  0.422 -1.268
minSpot          36.0  4.782761e-02  2.220786e-03  4.491396e-02  4.491396e-02  4.566806e-02  4.750910e-02  4.955829e-02  5.158041e-02  5.158041e-02  0.287 -1.297
maxSpot          36.0  8.288362e-02  2.496342e-03  7.833557e-02  7.833557e-02  8.124496e-02  8.259409e-02  8.459456e-02  8.669172e-02  8.669172e-02  0.077 -0.815
minCurve         36.0  4.408333e-02  1.010657e-03  4.200000e-02  4.200000e-02  4.350000e-02  4.400000e-02  4.500000e-02  4.550000e-02  4.550000e-02 -0.306 -0.358
maxCurve         36.0  9.979167e-02  2.001339e-03  9.750000e-02  9.750000e-02  9.800000e-02  9.950000e-02  1.003750e-01  1.040000e-01  1.040000e-01  0.936 -0.186
rounds           36.0  6.000000e+01  0.000000e+00  6.000000e+01  6.000000e+01  6.000000e+01  6.000000e+01  6.000000e+01  6.000000e+01  6.000000e+01  0.000  0.000
settlementLegs   36.0  7.966667e+01  2.042408e+00  7.600000e+01  7.600000e+01  7.875000e+01  7.950000e+01  8.125000e+01  8.300000e+01  8.300000e+01 -0.095 -0.787
x402Total        36.0  0.000000e+00  0.000000e+00  0.000000e+00  0.000000e+00  0.000000e+00  0.000000e+00  0.000000e+00  0.000000e+00  0.000000e+00  0.000  0.000
deniedWorkers    36.0  0.000000e+00  0.000000e+00  0.000000e+00  0.000000e+00  0.000000e+00  0.000000e+00  0.000000e+00  0.000000e+00  0.000000e+00  0.000  0.000

=== Histograms — mode=synthetic ===

seed
  [202606091.00, 430537943.62) | ######################################## 27
  [430537943.62, 658469796.25) |                                          0
  [658469796.25, 886401648.88) |                                          0
  [886401648.88, 1114333501.50) |                                          0
  [1114333501.50, 1342265354.12) |                                          0
  [1342265354.12, 1570197206.75) |                                          0
  [1570197206.75, 1798129059.38) |                                          0
  [1798129059.38, 2026060912.00) | #############                            9

role_pnl
  [    -33.19,     -26.68) | ############                             3
  [    -26.68,     -20.16) |                                          0
  [    -20.16,     -13.65) | ####                                     1
  [    -13.65,      -7.13) | ########################                 6
  [     -7.13,      -0.62) | ####################                     5
  [     -0.62,       5.89) | ####################################     9
  [      5.89,      12.41) | ######################################## 10
  [     12.41,      18.92) | ########                                 2

wallet_sum_pnl
  [     -0.00,      -0.00) | ##########                               3
  [     -0.00,      -0.00) | ######################################## 12
  [     -0.00,      -0.00) | ####################                     6
  [     -0.00,       0.00) | ##############################           9
  [      0.00,       0.00) |                                          0
  [      0.00,       0.00) |                                          0
  [      0.00,       0.00) | ##########                               3
  [      0.00,       0.00) | ##########                               3

realizedAbs
  [     42.82,      52.28) | ##########################               6
  [     52.28,      61.74) | ##########################               6
  [     61.74,      71.21) | ######################################## 9
  [     71.21,      80.67) | #############                            3
  [     80.67,      90.13) |                                          0
  [     90.13,      99.59) |                                          0
  [     99.59,     109.06) | ##########################               6
  [    109.06,     118.52) | ##########################               6

minSpot
  [      0.04,       0.05) | ######################################## 12
  [      0.05,       0.05) |                                          0
  [      0.05,       0.05) | ####################                     6
  [      0.05,       0.05) | ##########                               3
  [      0.05,       0.05) | ##########                               3
  [      0.05,       0.05) | ##########                               3
  [      0.05,       0.05) | ##########                               3
  [      0.05,       0.05) | ####################                     6

maxSpot
  [      0.08,       0.08) | ##########                               3
  [      0.08,       0.08) |                                          0
  [      0.08,       0.08) | ######################################## 12
  [      0.08,       0.08) | ##########                               3
  [      0.08,       0.08) | ####################                     6
  [      0.08,       0.08) | ##########                               3
  [      0.08,       0.09) |                                          0
  [      0.09,       0.09) | ##############################           9

minCurve
  [      0.04,       0.04) | ##########                               3
  [      0.04,       0.04) |                                          0
  [      0.04,       0.04) | ##########                               3
  [      0.04,       0.04) | ####################                     6
  [      0.04,       0.04) | ######################################## 12
  [      0.04,       0.04) |                                          0
  [      0.04,       0.05) | ####################                     6
  [      0.05,       0.05) | ####################                     6

maxCurve
  [      0.10,       0.10) | ######################################## 12
  [      0.10,       0.10) | ##########                               3
  [      0.10,       0.10) | ##############################           9
  [      0.10,       0.10) | ##########                               3
  [      0.10,       0.10) | ##########                               3
  [      0.10,       0.10) |                                          0
  [      0.10,       0.10) | ##########                               3
  [      0.10,       0.10) | ##########                               3

rounds
  [     59.50,      59.62) |                                          0
  [     59.62,      59.75) |                                          0
  [     59.75,      59.88) |                                          0
  [     59.88,      60.00) |                                          0
  [     60.00,      60.12) | ######################################## 36
  [     60.12,      60.25) |                                          0
  [     60.25,      60.38) |                                          0
  [     60.38,      60.50) |                                          0

settlementLegs
  [     76.00,      76.88) | #############                            3
  [     76.88,      77.75) | #############                            3
  [     77.75,      78.62) | #############                            3
  [     78.62,      79.50) | ######################################## 9
  [     79.50,      80.38) | ##########################               6
  [     80.38,      81.25) | #############                            3
  [     81.25,      82.12) | ##########################               6
  [     82.12,      83.00) | #############                            3

x402Total
  [     -0.50,      -0.38) |                                          0
  [     -0.38,      -0.25) |                                          0
  [     -0.25,      -0.12) |                                          0
  [     -0.12,       0.00) |                                          0
  [      0.00,       0.12) | ######################################## 36
  [      0.12,       0.25) |                                          0
  [      0.25,       0.38) |                                          0
  [      0.38,       0.50) |                                          0

deniedWorkers
  [     -0.50,      -0.38) |                                          0
  [     -0.38,      -0.25) |                                          0
  [     -0.25,      -0.12) |                                          0
  [     -0.12,       0.00) |                                          0
  [      0.00,       0.12) | ######################################## 36
  [      0.12,       0.25) |                                          0
  [      0.25,       0.38) |                                          0
  [      0.38,       0.50) |                                          0

=== Descriptive Statistics — mode=x402 ===
                count          mean           std           min            5%           25%           50%           75%           95%           max   skew   kurt
seed             36.0  6.584698e+08  8.007794e+08  2.026061e+08  2.026061e+08  2.026061e+08  2.026061e+08  6.584698e+08  2.026061e+09  2.026061e+09  1.206 -0.582
role_pnl         36.0 -5.177252e-01  1.240851e+01 -3.318904e+01 -2.695048e+01 -7.668775e+00  2.745137e+00  8.569051e+00  1.287858e+01  1.892274e+01 -0.954  0.508
wallet_sum_pnl   36.0 -9.043692e-16  1.033509e-14 -1.554312e-14 -1.554312e-14 -7.473189e-15 -2.886580e-15  9.159340e-16  2.309264e-14  2.309264e-14  1.151  0.813
realizedAbs      36.0  7.671459e+01  2.471343e+01  4.281823e+01  4.281823e+01  5.887244e+01  6.776491e+01  1.020834e+02  1.185183e+02  1.185183e+02  0.422 -1.268
minSpot          36.0  4.782761e-02  2.220786e-03  4.491396e-02  4.491396e-02  4.566806e-02  4.750910e-02  4.955829e-02  5.158041e-02  5.158041e-02  0.287 -1.297
maxSpot          36.0  8.288362e-02  2.496342e-03  7.833557e-02  7.833557e-02  8.124496e-02  8.259409e-02  8.459456e-02  8.669172e-02  8.669172e-02  0.077 -0.815
minCurve         36.0  4.408333e-02  1.010657e-03  4.200000e-02  4.200000e-02  4.350000e-02  4.400000e-02  4.500000e-02  4.550000e-02  4.550000e-02 -0.306 -0.358
maxCurve         36.0  9.979167e-02  2.001339e-03  9.750000e-02  9.750000e-02  9.800000e-02  9.950000e-02  1.003750e-01  1.040000e-01  1.040000e-01  0.936 -0.186
rounds           36.0  6.000000e+01  0.000000e+00  6.000000e+01  6.000000e+01  6.000000e+01  6.000000e+01  6.000000e+01  6.000000e+01  6.000000e+01  0.000  0.000
settlementLegs   36.0  7.966667e+01  2.042408e+00  7.600000e+01  7.600000e+01  7.875000e+01  7.950000e+01  8.125000e+01  8.300000e+01  8.300000e+01 -0.095 -0.787
x402Total        36.0  3.101823e+02  2.082249e+01  2.751445e+02  2.751445e+02  2.992609e+02  3.109875e+02  3.278283e+02  3.407163e+02  3.407163e+02 -0.215 -0.936
deniedWorkers    36.0  0.000000e+00  0.000000e+00  0.000000e+00  0.000000e+00  0.000000e+00  0.000000e+00  0.000000e+00  0.000000e+00  0.000000e+00  0.000  0.000

=== Histograms — mode=x402 ===

seed
  [202606091.00, 430537943.62) | ######################################## 27
  [430537943.62, 658469796.25) |                                          0
  [658469796.25, 886401648.88) |                                          0
  [886401648.88, 1114333501.50) |                                          0
  [1114333501.50, 1342265354.12) |                                          0
  [1342265354.12, 1570197206.75) |                                          0
  [1570197206.75, 1798129059.38) |                                          0
  [1798129059.38, 2026060912.00) | #############                            9

role_pnl
  [    -33.19,     -26.68) | ############                             3
  [    -26.68,     -20.16) |                                          0
  [    -20.16,     -13.65) | ####                                     1
  [    -13.65,      -7.13) | ########################                 6
  [     -7.13,      -0.62) | ####################                     5
  [     -0.62,       5.89) | ####################################     9
  [      5.89,      12.41) | ######################################## 10
  [     12.41,      18.92) | ########                                 2

wallet_sum_pnl
  [     -0.00,      -0.00) | ##########                               3
  [     -0.00,      -0.00) | ######################################## 12
  [     -0.00,      -0.00) | ####################                     6
  [     -0.00,       0.00) | ##############################           9
  [      0.00,       0.00) |                                          0
  [      0.00,       0.00) |                                          0
  [      0.00,       0.00) | ##########                               3
  [      0.00,       0.00) | ##########                               3

realizedAbs
  [     42.82,      52.28) | ##########################               6
  [     52.28,      61.74) | ##########################               6
  [     61.74,      71.21) | ######################################## 9
  [     71.21,      80.67) | #############                            3
  [     80.67,      90.13) |                                          0
  [     90.13,      99.59) |                                          0
  [     99.59,     109.06) | ##########################               6
  [    109.06,     118.52) | ##########################               6

minSpot
  [      0.04,       0.05) | ######################################## 12
  [      0.05,       0.05) |                                          0
  [      0.05,       0.05) | ####################                     6
  [      0.05,       0.05) | ##########                               3
  [      0.05,       0.05) | ##########                               3
  [      0.05,       0.05) | ##########                               3
  [      0.05,       0.05) | ##########                               3
  [      0.05,       0.05) | ####################                     6

maxSpot
  [      0.08,       0.08) | ##########                               3
  [      0.08,       0.08) |                                          0
  [      0.08,       0.08) | ######################################## 12
  [      0.08,       0.08) | ##########                               3
  [      0.08,       0.08) | ####################                     6
  [      0.08,       0.08) | ##########                               3
  [      0.08,       0.09) |                                          0
  [      0.09,       0.09) | ##############################           9

minCurve
  [      0.04,       0.04) | ##########                               3
  [      0.04,       0.04) |                                          0
  [      0.04,       0.04) | ##########                               3
  [      0.04,       0.04) | ####################                     6
  [      0.04,       0.04) | ######################################## 12
  [      0.04,       0.04) |                                          0
  [      0.04,       0.05) | ####################                     6
  [      0.05,       0.05) | ####################                     6

maxCurve
  [      0.10,       0.10) | ######################################## 12
  [      0.10,       0.10) | ##########                               3
  [      0.10,       0.10) | ##############################           9
  [      0.10,       0.10) | ##########                               3
  [      0.10,       0.10) | ##########                               3
  [      0.10,       0.10) |                                          0
  [      0.10,       0.10) | ##########                               3
  [      0.10,       0.10) | ##########                               3

rounds
  [     59.50,      59.62) |                                          0
  [     59.62,      59.75) |                                          0
  [     59.75,      59.88) |                                          0
  [     59.88,      60.00) |                                          0
  [     60.00,      60.12) | ######################################## 36
  [     60.12,      60.25) |                                          0
  [     60.25,      60.38) |                                          0
  [     60.38,      60.50) |                                          0

settlementLegs
  [     76.00,      76.88) | #############                            3
  [     76.88,      77.75) | #############                            3
  [     77.75,      78.62) | #############                            3
  [     78.62,      79.50) | ######################################## 9
  [     79.50,      80.38) | ##########################               6
  [     80.38,      81.25) | #############                            3
  [     81.25,      82.12) | ##########################               6
  [     82.12,      83.00) | #############                            3

x402Total
  [    275.14,     283.34) | ##########################               6
  [    283.34,     291.54) |                                          0
  [    291.54,     299.73) | #############                            3
  [    299.73,     307.93) | ##########################               6
  [    307.93,     316.13) | ######################################## 9
  [    316.13,     324.32) |                                          0
  [    324.32,     332.52) | ##########################               6
  [    332.52,     340.72) | ##########################               6

deniedWorkers
  [     -0.50,      -0.38) |                                          0
  [     -0.38,      -0.25) |                                          0
  [     -0.25,      -0.12) |                                          0
  [     -0.12,       0.00) |                                          0
  [      0.00,       0.12) | ######################################## 36
  [      0.12,       0.25) |                                          0
  [      0.25,       0.38) |                                          0
  [      0.38,       0.50) |                                          0


Stats saved to out/programmatic-eda/compute-futures-2026-06-09/distributions_by_mode.csv
