=== Descriptive Statistics — mode=basket ===
                count          mean           std           min            5%           25%           50%           75%           95%           max   skew   kurt
seed             36.0  6.584734e+08  8.007838e+08  2.026072e+08  2.026072e+08  2.026072e+08  2.026072e+08  6.584734e+08  2.026072e+09  2.026072e+09  1.206 -0.582
role_pnl         36.0 -1.123806e+00  2.892797e+01 -9.118826e+01 -4.433729e+01 -2.084750e+01  4.975996e+00  1.747357e+01  3.467446e+01  4.548977e+01 -1.042  1.627
wallet_sum_pnl   36.0  9.205599e-15  2.005649e-14 -3.286260e-14 -3.286260e-14 -1.065814e-14  1.931788e-14  2.420286e-14  3.186340e-14  3.186340e-14 -0.833 -0.636
realizedAbs      36.0  1.909936e+02  4.599610e+01  1.202577e+02  1.202577e+02  1.621537e+02  1.879746e+02  2.102694e+02  2.788345e+02  2.788345e+02  0.382 -0.593
minSpot          36.0  1.209044e-01  3.979414e-03  1.138883e-01  1.138883e-01  1.179466e-01  1.210572e-01  1.227972e-01  1.282600e-01  1.282600e-01  0.121 -0.534
maxSpot          36.0  2.073532e-01  9.914989e-03  1.954173e-01  1.954173e-01  2.013622e-01  2.041998e-01  2.119570e-01  2.298734e-01  2.298734e-01  0.924  0.150
minCurve         36.0  1.113333e-01  2.381476e-03  1.055000e-01  1.055000e-01  1.108750e-01  1.115000e-01  1.126250e-01  1.145000e-01  1.145000e-01 -1.096  1.108
maxCurve         36.0  2.460833e-01  6.299093e-03  2.395000e-01  2.395000e-01  2.408750e-01  2.440000e-01  2.535000e-01  2.560000e-01  2.560000e-01  0.547 -1.470
rounds           36.0  6.000000e+01  0.000000e+00  6.000000e+01  6.000000e+01  6.000000e+01  6.000000e+01  6.000000e+01  6.000000e+01  6.000000e+01  0.000  0.000
settlementLegs   36.0  8.033333e+01  1.820518e+00  7.700000e+01  7.700000e+01  7.975000e+01  8.000000e+01  8.125000e+01  8.400000e+01  8.400000e+01  0.104 -0.006
x402Total        36.0  0.000000e+00  0.000000e+00  0.000000e+00  0.000000e+00  0.000000e+00  0.000000e+00  0.000000e+00  0.000000e+00  0.000000e+00  0.000  0.000
deniedWorkers    36.0  0.000000e+00  0.000000e+00  0.000000e+00  0.000000e+00  0.000000e+00  0.000000e+00  0.000000e+00  0.000000e+00  0.000000e+00  0.000  0.000

=== Histograms — mode=basket ===

seed
  [202607211.00, 430540323.62) | ######################################## 27
  [430540323.62, 658473436.25) |                                          0
  [658473436.25, 886406548.88) |                                          0
  [886406548.88, 1114339661.50) |                                          0
  [1114339661.50, 1342272774.12) |                                          0
  [1342272774.12, 1570205886.75) |                                          0
  [1570205886.75, 1798138999.38) |                                          0
  [1798138999.38, 2026072112.00) | #############                            9

role_pnl
  [    -91.19,     -74.10) | ####                                     1
  [    -74.10,     -57.02) | ####                                     1
  [    -57.02,     -39.93) |                                          0
  [    -39.93,     -22.85) | ############################             7
  [    -22.85,      -5.76) | ################                         4
  [     -5.76,      11.32) | ################################         8
  [     11.32,      28.41) | ######################################## 10
  [     28.41,      45.49) | ####################                     5

wallet_sum_pnl
  [     -0.00,      -0.00) | ##########                               3
  [     -0.00,      -0.00) |                                          0
  [     -0.00,      -0.00) | ##############################           9
  [     -0.00,      -0.00) |                                          0
  [     -0.00,       0.00) |                                          0
  [      0.00,       0.00) | ##########                               3
  [      0.00,       0.00) | ##############################           9
  [      0.00,       0.00) | ######################################## 12

realizedAbs
  [    120.26,     140.08) | ##########################               6
  [    140.08,     159.90) |                                          0
  [    159.90,     179.72) | ######################################## 9
  [    179.72,     199.55) | ######################################## 9
  [    199.55,     219.37) | #############                            3
  [    219.37,     239.19) |                                          0
  [    239.19,     259.01) | ##########################               6
  [    259.01,     278.83) | #############                            3

minSpot
  [      0.11,       0.12) | #############                            3
  [      0.12,       0.12) | ##########################               6
  [      0.12,       0.12) | #############                            3
  [      0.12,       0.12) | ##########################               6
  [      0.12,       0.12) | ######################################## 9
  [      0.12,       0.12) | #############                            3
  [      0.12,       0.13) | #############                            3
  [      0.13,       0.13) | #############                            3

maxSpot
  [      0.20,       0.20) | ######################################## 9
  [      0.20,       0.20) | ######################################## 9
  [      0.20,       0.21) | ##########################               6
  [      0.21,       0.21) | #############                            3
  [      0.21,       0.22) | #############                            3
  [      0.22,       0.22) | #############                            3
  [      0.22,       0.23) |                                          0
  [      0.23,       0.23) | #############                            3

minCurve
  [      0.11,       0.11) | ##########                               3
  [      0.11,       0.11) |                                          0
  [      0.11,       0.11) | ##########                               3
  [      0.11,       0.11) |                                          0
  [      0.11,       0.11) | ######################################## 12
  [      0.11,       0.11) | ##########                               3
  [      0.11,       0.11) | ##############################           9
  [      0.11,       0.11) | ####################                     6

maxCurve
  [      0.24,       0.24) | ######################################## 15
  [      0.24,       0.24) | ########                                 3
  [      0.24,       0.25) | ################                         6
  [      0.25,       0.25) |                                          0
  [      0.25,       0.25) |                                          0
  [      0.25,       0.25) |                                          0
  [      0.25,       0.25) | ################                         6
  [      0.25,       0.26) | ################                         6

rounds
  [     59.50,      59.62) |                                          0
  [     59.62,      59.75) |                                          0
  [     59.75,      59.88) |                                          0
  [     59.88,      60.00) |                                          0
  [     60.00,      60.12) | ######################################## 36
  [     60.12,      60.25) |                                          0
  [     60.25,      60.38) |                                          0
  [     60.38,      60.50) |                                          0

settlementLegs
  [     77.00,      77.88) | ##########                               3
  [     77.88,      78.75) | ##########                               3
  [     78.75,      79.62) | ##########                               3
  [     79.62,      80.50) | ######################################## 12
  [     80.50,      81.38) | ####################                     6
  [     81.38,      82.25) | ####################                     6
  [     82.25,      83.12) |                                          0
  [     83.12,      84.00) | ##########                               3

x402Total
  [     -0.50,      -0.38) |                                          0
  [     -0.38,      -0.25) |                                          0
  [     -0.25,      -0.12) |                                          0
  [     -0.12,       0.00) |                                          0
  [      0.00,       0.12) | ######################################## 36
  [      0.12,       0.25) |                                          0
  [      0.25,       0.38) |                                          0
  [      0.38,       0.50) |                                          0

deniedWorkers
  [     -0.50,      -0.38) |                                          0
  [     -0.38,      -0.25) |                                          0
  [     -0.25,      -0.12) |                                          0
  [     -0.12,       0.00) |                                          0
  [      0.00,       0.12) | ######################################## 36
  [      0.12,       0.25) |                                          0
  [      0.25,       0.38) |                                          0
  [      0.38,       0.50) |                                          0

=== Descriptive Statistics — mode=spread ===
                count          mean           std           min            5%           25%           50%           75%           95%           max   skew   kurt
seed             36.0  6.584734e+08  8.007838e+08  2.026072e+08  2.026072e+08  2.026072e+08  2.026072e+08  6.584734e+08  2.026072e+09  2.026072e+09  1.206 -0.582
role_pnl         36.0 -5.112614e+02  1.046358e+04 -3.592360e+04 -1.896841e+04 -3.721543e+03  6.740096e+02  6.428532e+03  1.135313e+04  1.866903e+04 -1.246  2.846
wallet_sum_pnl   36.0 -2.245315e-12  4.239691e-12 -7.730705e-12 -7.730705e-12 -5.762502e-12 -3.637979e-12  1.733724e-12  4.547474e-12  4.547474e-12  0.433 -1.343
realizedAbs      36.0  5.384362e+04  1.555697e+04  3.773750e+04  3.773750e+04  4.342699e+04  5.255902e+04  5.732150e+04  9.781754e+04  9.781754e+04  1.816  3.491
minSpot          36.0  4.348103e+01  1.646022e+00  3.974702e+01  3.974702e+01  4.309099e+01  4.395953e+01  4.446823e+01  4.567701e+01  4.567701e+01 -1.111  0.527
maxSpot          36.0  6.532970e+01  3.014781e+00  6.224791e+01  6.224791e+01  6.343391e+01  6.524948e+01  6.598540e+01  7.387173e+01  7.387173e+01  1.815  3.559
minCurve         36.0  4.046688e+01  8.118567e-01  3.907950e+01  3.907950e+01  4.008575e+01  4.055900e+01  4.090962e+01  4.212950e+01  4.212950e+01  0.077 -0.116
maxCurve         36.0  7.206671e+01  1.834914e+00  6.933250e+01  6.933250e+01  7.076763e+01  7.165025e+01  7.339437e+01  7.526050e+01  7.526050e+01  0.193 -1.139
rounds           36.0  6.000000e+01  0.000000e+00  6.000000e+01  6.000000e+01  6.000000e+01  6.000000e+01  6.000000e+01  6.000000e+01  6.000000e+01  0.000  0.000
settlementLegs   36.0  8.050000e+01  1.828348e+00  7.800000e+01  7.800000e+01  7.900000e+01  8.000000e+01  8.200000e+01  8.400000e+01  8.400000e+01  0.535 -0.919
x402Total        36.0  0.000000e+00  0.000000e+00  0.000000e+00  0.000000e+00  0.000000e+00  0.000000e+00  0.000000e+00  0.000000e+00  0.000000e+00  0.000  0.000
deniedWorkers    36.0  0.000000e+00  0.000000e+00  0.000000e+00  0.000000e+00  0.000000e+00  0.000000e+00  0.000000e+00  0.000000e+00  0.000000e+00  0.000  0.000

=== Histograms — mode=spread ===

seed
  [202607211.00, 430540323.62) | ######################################## 27
  [430540323.62, 658473436.25) |                                          0
  [658473436.25, 886406548.88) |                                          0
  [886406548.88, 1114339661.50) |                                          0
  [1114339661.50, 1342272774.12) |                                          0
  [1342272774.12, 1570205886.75) |                                          0
  [1570205886.75, 1798138999.38) |                                          0
  [1798138999.38, 2026072112.00) | #############                            9

role_pnl
  [ -35923.60,  -29099.52) | ###                                      1
  [ -29099.52,  -22275.44) | ###                                      1
  [ -22275.44,  -15451.36) | ###                                      1
  [ -15451.36,   -8627.28) | ##############                           4
  [  -8627.28,   -1803.20) | #########################                7
  [  -1803.20,    5020.88) | ######################################## 11
  [   5020.88,   11844.96) | ################################         9
  [  11844.96,   18669.03) | #######                                  2

wallet_sum_pnl
  [     -0.00,      -0.00) | ##########################               6
  [     -0.00,      -0.00) | ######################################## 9
  [     -0.00,      -0.00) | ##########################               6
  [     -0.00,      -0.00) |                                          0
  [     -0.00,      -0.00) | #############                            3
  [     -0.00,       0.00) |                                          0
  [      0.00,       0.00) | ##########################               6
  [      0.00,       0.00) | ##########################               6

realizedAbs
  [  37737.50,   45247.50) | ######################################## 12
  [  45247.50,   52757.51) | ####################                     6
  [  52757.51,   60267.51) | ######################################## 12
  [  60267.51,   67777.52) | ##########                               3
  [  67777.52,   75287.53) |                                          0
  [  75287.53,   82797.53) |                                          0
  [  82797.53,   90307.54) |                                          0
  [  90307.54,   97817.54) | ##########                               3

minSpot
  [     39.75,      40.49) | ##########                               3
  [     40.49,      41.23) | ##########                               3
  [     41.23,      41.97) |                                          0
  [     41.97,      42.71) |                                          0
  [     42.71,      43.45) | ##############################           9
  [     43.45,      44.19) | ####################                     6
  [     44.19,      44.94) | ######################################## 12
  [     44.94,      45.68) | ##########                               3

maxSpot
  [     62.25,      63.70) | ######################################## 12
  [     63.70,      65.15) | ####################                     6
  [     65.15,      66.61) | ######################################## 12
  [     66.61,      68.06) | ##########                               3
  [     68.06,      69.51) |                                          0
  [     69.51,      70.97) |                                          0
  [     70.97,      72.42) |                                          0
  [     72.42,      73.87) | ##########                               3

minCurve
  [     39.08,      39.46) | ####################                     6
  [     39.46,      39.84) | ##########                               3
  [     39.84,      40.22) |                                          0
  [     40.22,      40.60) | ##############################           9
  [     40.60,      40.99) | ######################################## 12
  [     40.99,      41.37) | ##########                               3
  [     41.37,      41.75) |                                          0
  [     41.75,      42.13) | ##########                               3

maxCurve
  [     69.33,      70.07) | ##########################               6
  [     70.07,      70.81) | #############                            3
  [     70.81,      71.56) | ######################################## 9
  [     71.56,      72.30) | #############                            3
  [     72.30,      73.04) |                                          0
  [     73.04,      73.78) | ##########################               6
  [     73.78,      74.52) | ##########################               6
  [     74.52,      75.26) | #############                            3

rounds
  [     59.50,      59.62) |                                          0
  [     59.62,      59.75) |                                          0
  [     59.75,      59.88) |                                          0
  [     59.88,      60.00) |                                          0
  [     60.00,      60.12) | ######################################## 36
  [     60.12,      60.25) |                                          0
  [     60.25,      60.38) |                                          0
  [     60.38,      60.50) |                                          0

settlementLegs
  [     78.00,      78.75) | ##########                               3
  [     78.75,      79.50) | ######################################## 12
  [     79.50,      80.25) | ####################                     6
  [     80.25,      81.00) |                                          0
  [     81.00,      81.75) | ##########                               3
  [     81.75,      82.50) | ####################                     6
  [     82.50,      83.25) | ##########                               3
  [     83.25,      84.00) | ##########                               3

x402Total
  [     -0.50,      -0.38) |                                          0
  [     -0.38,      -0.25) |                                          0
  [     -0.25,      -0.12) |                                          0
  [     -0.12,       0.00) |                                          0
  [      0.00,       0.12) | ######################################## 36
  [      0.12,       0.25) |                                          0
  [      0.25,       0.38) |                                          0
  [      0.38,       0.50) |                                          0

deniedWorkers
  [     -0.50,      -0.38) |                                          0
  [     -0.38,      -0.25) |                                          0
  [     -0.25,      -0.12) |                                          0
  [     -0.12,       0.00) |                                          0
  [      0.00,       0.12) | ######################################## 36
  [      0.12,       0.25) |                                          0
  [      0.25,       0.38) |                                          0
  [      0.38,       0.50) |                                          0

=== Descriptive Statistics — mode=synthetic ===
                count          mean           std           min            5%           25%           50%           75%           95%           max   skew   kurt
seed             36.0  6.584734e+08  8.007838e+08  2.026072e+08  2.026072e+08  2.026072e+08  2.026072e+08  6.584734e+08  2.026072e+09  2.026072e+09  1.206 -0.582
role_pnl         36.0 -5.481939e-01  1.025016e+01 -3.409674e+01 -1.522007e+01 -6.245244e+00  1.967503e+00  5.370718e+00  1.215965e+01  1.722045e+01 -1.140  2.334
wallet_sum_pnl   36.0 -7.494005e-16  1.204110e-14 -2.065015e-14 -2.065015e-14 -1.032507e-14 -1.887379e-15  9.325873e-15  1.776357e-14  1.776357e-14  0.007 -1.159
realizedAbs      36.0  7.375293e+01  1.669602e+01  4.562488e+01  4.562488e+01  6.305214e+01  7.448991e+01  8.190111e+01  1.003077e+02  1.003077e+02  0.136 -0.892
minSpot          36.0  4.836175e-02  1.591766e-03  4.555531e-02  4.555531e-02  4.717865e-02  4.842287e-02  4.911889e-02  5.130401e-02  5.130401e-02  0.121 -0.534
maxSpot          36.0  8.294127e-02  3.965996e-03  7.816691e-02  7.816691e-02  8.054486e-02  8.167992e-02  8.478279e-02  9.194936e-02  9.194936e-02  0.924  0.150
minCurve         36.0  4.479167e-02  1.084798e-03  4.200000e-02  4.200000e-02  4.450000e-02  4.500000e-02  4.550000e-02  4.600000e-02  4.600000e-02 -1.400  1.744
maxCurve         36.0  9.912500e-02  2.441823e-03  9.650000e-02  9.650000e-02  9.687500e-02  9.800000e-02  1.016250e-01  1.025000e-01  1.025000e-01  0.260 -1.836
rounds           36.0  6.000000e+01  0.000000e+00  6.000000e+01  6.000000e+01  6.000000e+01  6.000000e+01  6.000000e+01  6.000000e+01  6.000000e+01  0.000  0.000
settlementLegs   36.0  8.016667e+01  1.796823e+00  7.800000e+01  7.800000e+01  7.900000e+01  7.950000e+01  8.125000e+01  8.400000e+01  8.400000e+01  0.674 -0.435
x402Total        36.0  0.000000e+00  0.000000e+00  0.000000e+00  0.000000e+00  0.000000e+00  0.000000e+00  0.000000e+00  0.000000e+00  0.000000e+00  0.000  0.000
deniedWorkers    36.0  0.000000e+00  0.000000e+00  0.000000e+00  0.000000e+00  0.000000e+00  0.000000e+00  0.000000e+00  0.000000e+00  0.000000e+00  0.000  0.000

=== Histograms — mode=synthetic ===

seed
  [202607211.00, 430540323.62) | ######################################## 27
  [430540323.62, 658473436.25) |                                          0
  [658473436.25, 886406548.88) |                                          0
  [886406548.88, 1114339661.50) |                                          0
  [1114339661.50, 1342272774.12) |                                          0
  [1342272774.12, 1570205886.75) |                                          0
  [1570205886.75, 1798138999.38) |                                          0
  [1798138999.38, 2026072112.00) | #############                            9

role_pnl
  [    -34.10,     -27.68) | ###                                      1
  [    -27.68,     -21.27) | ###                                      1
  [    -21.27,     -14.85) |                                          0
  [    -14.85,      -8.44) | ##################                       5
  [     -8.44,      -2.02) | #########################                7
  [     -2.02,       4.39) | #############################            8
  [      4.39,      10.81) | ######################################## 11
  [     10.81,      17.22) | ##########                               3

wallet_sum_pnl
  [     -0.00,      -0.00) | ####################                     3
  [     -0.00,      -0.00) | ######################################## 6
  [     -0.00,      -0.00) | ####################                     3
  [     -0.00,      -0.00) | ######################################## 6
  [     -0.00,       0.00) | ####################                     3
  [      0.00,       0.00) | ####################                     3
  [      0.00,       0.00) | ######################################## 6
  [      0.00,       0.00) | ######################################## 6

realizedAbs
  [     45.62,      52.46) | ##########                               3
  [     52.46,      59.30) | ##########                               3
  [     59.30,      66.13) | ##############################           9
  [     66.13,      72.97) |                                          0
  [     72.97,      79.80) | ######################################## 12
  [     79.80,      86.64) |                                          0
  [     86.64,      93.47) |                                          0
  [     93.47,     100.31) | ##############################           9

minSpot
  [      0.05,       0.05) | #############                            3
  [      0.05,       0.05) | ##########################               6
  [      0.05,       0.05) | #############                            3
  [      0.05,       0.05) | ##########################               6
  [      0.05,       0.05) | ######################################## 9
  [      0.05,       0.05) | #############                            3
  [      0.05,       0.05) | #############                            3
  [      0.05,       0.05) | #############                            3

maxSpot
  [      0.08,       0.08) | ######################################## 9
  [      0.08,       0.08) | ######################################## 9
  [      0.08,       0.08) | ##########################               6
  [      0.08,       0.09) | #############                            3
  [      0.09,       0.09) | #############                            3
  [      0.09,       0.09) | #############                            3
  [      0.09,       0.09) |                                          0
  [      0.09,       0.09) | #############                            3

minCurve
  [      0.04,       0.04) | ##########                               3
  [      0.04,       0.04) |                                          0
  [      0.04,       0.04) | ##########                               3
  [      0.04,       0.04) |                                          0
  [      0.04,       0.04) |                                          0
  [      0.04,       0.04) | ####################                     6
  [      0.04,       0.05) | ######################################## 12
  [      0.05,       0.05) | ######################################## 12

maxCurve
  [      0.10,       0.10) | ######################################## 12
  [      0.10,       0.10) | ##########                               3
  [      0.10,       0.10) | ####################                     6
  [      0.10,       0.10) |                                          0
  [      0.10,       0.10) |                                          0
  [      0.10,       0.10) |                                          0
  [      0.10,       0.10) | ####################                     6
  [      0.10,       0.10) | ##############################           9

rounds
  [     59.50,      59.62) |                                          0
  [     59.62,      59.75) |                                          0
  [     59.75,      59.88) |                                          0
  [     59.88,      60.00) |                                          0
  [     60.00,      60.12) | ######################################## 36
  [     60.12,      60.25) |                                          0
  [     60.25,      60.38) |                                          0
  [     60.38,      60.50) |                                          0

settlementLegs
  [     78.00,      78.75) | ####################                     6
  [     78.75,      79.50) | ######################################## 12
  [     79.50,      80.25) | ##########                               3
  [     80.25,      81.00) |                                          0
  [     81.00,      81.75) | ####################                     6
  [     81.75,      82.50) | ####################                     6
  [     82.50,      83.25) |                                          0
  [     83.25,      84.00) | ##########                               3

x402Total
  [     -0.50,      -0.38) |                                          0
  [     -0.38,      -0.25) |                                          0
  [     -0.25,      -0.12) |                                          0
  [     -0.12,       0.00) |                                          0
  [      0.00,       0.12) | ######################################## 36
  [      0.12,       0.25) |                                          0
  [      0.25,       0.38) |                                          0
  [      0.38,       0.50) |                                          0

deniedWorkers
  [     -0.50,      -0.38) |                                          0
  [     -0.38,      -0.25) |                                          0
  [     -0.25,      -0.12) |                                          0
  [     -0.12,       0.00) |                                          0
  [      0.00,       0.12) | ######################################## 36
  [      0.12,       0.25) |                                          0
  [      0.25,       0.38) |                                          0
  [      0.38,       0.50) |                                          0

=== Descriptive Statistics — mode=x402 ===
                count          mean           std           min            5%           25%           50%           75%           95%           max   skew   kurt
seed             36.0  6.584734e+08  8.007838e+08  2.026072e+08  2.026072e+08  2.026072e+08  2.026072e+08  6.584734e+08  2.026072e+09  2.026072e+09  1.206 -0.582
role_pnl         36.0 -5.481939e-01  1.025016e+01 -3.409674e+01 -1.522007e+01 -6.245244e+00  1.967503e+00  5.370718e+00  1.215965e+01  1.722045e+01 -1.140  2.334
wallet_sum_pnl   36.0 -7.494005e-16  1.204110e-14 -2.065015e-14 -2.065015e-14 -1.032507e-14 -1.887379e-15  9.325873e-15  1.776357e-14  1.776357e-14  0.007 -1.159
realizedAbs      36.0  7.375293e+01  1.669602e+01  4.562488e+01  4.562488e+01  6.305214e+01  7.448991e+01  8.190111e+01  1.003077e+02  1.003077e+02  0.136 -0.892
minSpot          36.0  4.836175e-02  1.591766e-03  4.555531e-02  4.555531e-02  4.717865e-02  4.842287e-02  4.911889e-02  5.130401e-02  5.130401e-02  0.121 -0.534
maxSpot          36.0  8.294127e-02  3.965996e-03  7.816691e-02  7.816691e-02  8.054486e-02  8.167992e-02  8.478279e-02  9.194936e-02  9.194936e-02  0.924  0.150
minCurve         36.0  4.479167e-02  1.084798e-03  4.200000e-02  4.200000e-02  4.450000e-02  4.500000e-02  4.550000e-02  4.600000e-02  4.600000e-02 -1.400  1.744
maxCurve         36.0  9.912500e-02  2.441823e-03  9.650000e-02  9.650000e-02  9.687500e-02  9.800000e-02  1.016250e-01  1.025000e-01  1.025000e-01  0.260 -1.836
rounds           36.0  6.000000e+01  0.000000e+00  6.000000e+01  6.000000e+01  6.000000e+01  6.000000e+01  6.000000e+01  6.000000e+01  6.000000e+01  0.000  0.000
settlementLegs   36.0  8.016667e+01  1.796823e+00  7.800000e+01  7.800000e+01  7.900000e+01  7.950000e+01  8.125000e+01  8.400000e+01  8.400000e+01  0.674 -0.435
x402Total        36.0  3.365379e+02  2.376867e+01  2.856321e+02  2.856321e+02  3.249511e+02  3.327798e+02  3.541088e+02  3.784937e+02  3.784937e+02 -0.283  0.161
deniedWorkers    36.0  0.000000e+00  0.000000e+00  0.000000e+00  0.000000e+00  0.000000e+00  0.000000e+00  0.000000e+00  0.000000e+00  0.000000e+00  0.000  0.000

=== Histograms — mode=x402 ===

seed
  [202607211.00, 430540323.62) | ######################################## 27
  [430540323.62, 658473436.25) |                                          0
  [658473436.25, 886406548.88) |                                          0
  [886406548.88, 1114339661.50) |                                          0
  [1114339661.50, 1342272774.12) |                                          0
  [1342272774.12, 1570205886.75) |                                          0
  [1570205886.75, 1798138999.38) |                                          0
  [1798138999.38, 2026072112.00) | #############                            9

role_pnl
  [    -34.10,     -27.68) | ###                                      1
  [    -27.68,     -21.27) | ###                                      1
  [    -21.27,     -14.85) |                                          0
  [    -14.85,      -8.44) | ##################                       5
  [     -8.44,      -2.02) | #########################                7
  [     -2.02,       4.39) | #############################            8
  [      4.39,      10.81) | ######################################## 11
  [     10.81,      17.22) | ##########                               3

wallet_sum_pnl
  [     -0.00,      -0.00) | ####################                     3
  [     -0.00,      -0.00) | ######################################## 6
  [     -0.00,      -0.00) | ####################                     3
  [     -0.00,      -0.00) | ######################################## 6
  [     -0.00,       0.00) | ####################                     3
  [      0.00,       0.00) | ####################                     3
  [      0.00,       0.00) | ######################################## 6
  [      0.00,       0.00) | ######################################## 6

realizedAbs
  [     45.62,      52.46) | ##########                               3
  [     52.46,      59.30) | ##########                               3
  [     59.30,      66.13) | ##############################           9
  [     66.13,      72.97) |                                          0
  [     72.97,      79.80) | ######################################## 12
  [     79.80,      86.64) |                                          0
  [     86.64,      93.47) |                                          0
  [     93.47,     100.31) | ##############################           9

minSpot
  [      0.05,       0.05) | #############                            3
  [      0.05,       0.05) | ##########################               6
  [      0.05,       0.05) | #############                            3
  [      0.05,       0.05) | ##########################               6
  [      0.05,       0.05) | ######################################## 9
  [      0.05,       0.05) | #############                            3
  [      0.05,       0.05) | #############                            3
  [      0.05,       0.05) | #############                            3

maxSpot
  [      0.08,       0.08) | ######################################## 9
  [      0.08,       0.08) | ######################################## 9
  [      0.08,       0.08) | ##########################               6
  [      0.08,       0.09) | #############                            3
  [      0.09,       0.09) | #############                            3
  [      0.09,       0.09) | #############                            3
  [      0.09,       0.09) |                                          0
  [      0.09,       0.09) | #############                            3

minCurve
  [      0.04,       0.04) | ##########                               3
  [      0.04,       0.04) |                                          0
  [      0.04,       0.04) | ##########                               3
  [      0.04,       0.04) |                                          0
  [      0.04,       0.04) |                                          0
  [      0.04,       0.04) | ####################                     6
  [      0.04,       0.05) | ######################################## 12
  [      0.05,       0.05) | ######################################## 12

maxCurve
  [      0.10,       0.10) | ######################################## 12
  [      0.10,       0.10) | ##########                               3
  [      0.10,       0.10) | ####################                     6
  [      0.10,       0.10) |                                          0
  [      0.10,       0.10) |                                          0
  [      0.10,       0.10) |                                          0
  [      0.10,       0.10) | ####################                     6
  [      0.10,       0.10) | ##############################           9

rounds
  [     59.50,      59.62) |                                          0
  [     59.62,      59.75) |                                          0
  [     59.75,      59.88) |                                          0
  [     59.88,      60.00) |                                          0
  [     60.00,      60.12) | ######################################## 36
  [     60.12,      60.25) |                                          0
  [     60.25,      60.38) |                                          0
  [     60.38,      60.50) |                                          0

settlementLegs
  [     78.00,      78.75) | ####################                     6
  [     78.75,      79.50) | ######################################## 12
  [     79.50,      80.25) | ##########                               3
  [     80.25,      81.00) |                                          0
  [     81.00,      81.75) | ####################                     6
  [     81.75,      82.50) | ####################                     6
  [     82.50,      83.25) |                                          0
  [     83.25,      84.00) | ##########                               3

x402Total
  [    285.63,     297.24) | ##########                               3
  [    297.24,     308.85) |                                          0
  [    308.85,     320.46) | ##########                               3
  [    320.46,     332.06) | ######################################## 12
  [    332.06,     343.67) | ####################                     6
  [    343.67,     355.28) | ##########                               3
  [    355.28,     366.89) | ####################                     6
  [    366.89,     378.49) | ##########                               3

deniedWorkers
  [     -0.50,      -0.38) |                                          0
  [     -0.38,      -0.25) |                                          0
  [     -0.25,      -0.12) |                                          0
  [     -0.12,       0.00) |                                          0
  [      0.00,       0.12) | ######################################## 36
  [      0.12,       0.25) |                                          0
  [      0.25,       0.38) |                                          0
  [      0.38,       0.50) |                                          0


Stats saved to out/programmatic-eda/compute-futures-2026-07-21/distributions_by_mode.csv
