=== Descriptive Statistics — mode=basket ===
                count          mean           std           min            5%           25%           50%           75%           95%           max   skew   kurt
seed             36.0  6.584734e+08  8.007837e+08  2.026072e+08  2.026072e+08  2.026072e+08  2.026072e+08  6.584734e+08  2.026072e+09  2.026072e+09  1.206 -0.582
role_pnl         36.0 -1.092249e+00  2.677589e+01 -7.030357e+01 -4.384760e+01 -1.916925e+01  2.053225e+00  2.058920e+01  3.231188e+01  4.363213e+01 -0.555 -0.201
wallet_sum_pnl   36.0  1.572816e-15  2.179300e-14 -2.753353e-14 -2.753353e-14 -1.376677e-14  4.440892e-16  1.121325e-14  3.952394e-14  3.952394e-14  0.334 -0.781
realizedAbs      36.0  1.727317e+02  4.467523e+01  8.910213e+01  8.910213e+01  1.380987e+02  1.689091e+02  1.975443e+02  2.457663e+02  2.457663e+02  0.044 -0.593
minSpot          36.0  1.197815e-01  6.119443e-03  1.097874e-01  1.097874e-01  1.160519e-01  1.211942e-01  1.238868e-01  1.298261e-01  1.298261e-01 -0.288 -0.903
maxSpot          36.0  2.118970e-01  7.727493e-03  2.011973e-01  2.011973e-01  2.033025e-01  2.110787e-01  2.189724e-01  2.229284e-01  2.229284e-01  0.001 -1.531
minCurve         36.0  1.123750e-01  1.708696e-03  1.095000e-01  1.095000e-01  1.112500e-01  1.125000e-01  1.135000e-01  1.150000e-01  1.150000e-01 -0.224 -1.056
maxCurve         36.0  2.500417e-01  8.266434e-03  2.405000e-01  2.405000e-01  2.436250e-01  2.477500e-01  2.557500e-01  2.700000e-01  2.700000e-01  1.032  0.681
rounds           36.0  6.000000e+01  0.000000e+00  6.000000e+01  6.000000e+01  6.000000e+01  6.000000e+01  6.000000e+01  6.000000e+01  6.000000e+01  0.000  0.000
settlementLegs   36.0  8.050000e+01  2.535463e+00  7.500000e+01  7.500000e+01  8.000000e+01  8.100000e+01  8.225000e+01  8.300000e+01  8.300000e+01 -1.136  0.302
x402Total        36.0  0.000000e+00  0.000000e+00  0.000000e+00  0.000000e+00  0.000000e+00  0.000000e+00  0.000000e+00  0.000000e+00  0.000000e+00  0.000  0.000
deniedWorkers    36.0  0.000000e+00  0.000000e+00  0.000000e+00  0.000000e+00  0.000000e+00  0.000000e+00  0.000000e+00  0.000000e+00  0.000000e+00  0.000  0.000

=== Histograms — mode=basket ===

seed
  [202607191.00, 430540281.12) | ######################################## 27
  [430540281.12, 658473371.25) |                                          0
  [658473371.25, 886406461.38) |                                          0
  [886406461.38, 1114339551.50) |                                          0
  [1114339551.50, 1342272641.62) |                                          0
  [1342272641.62, 1570205731.75) |                                          0
  [1570205731.75, 1798138821.88) |                                          0
  [1798138821.88, 2026071912.00) | #############                            9

role_pnl
  [    -70.30,     -56.06) | ####                                     1
  [    -56.06,     -41.82) | ####                                     1
  [    -41.82,     -27.58) | ############                             3
  [    -27.58,     -13.34) | ############################             7
  [    -13.34,       0.91) | ################                         4
  [      0.91,      15.15) | ############################             7
  [     15.15,      29.39) | ######################################## 10
  [     29.39,      43.63) | ############                             3

wallet_sum_pnl
  [     -0.00,      -0.00) | ######################################## 9
  [     -0.00,      -0.00) |                                          0
  [     -0.00,      -0.00) | ######################################## 9
  [     -0.00,       0.00) | #############                            3
  [      0.00,       0.00) | ######################################## 9
  [      0.00,       0.00) |                                          0
  [      0.00,       0.00) |                                          0
  [      0.00,       0.00) | ##########################               6

realizedAbs
  [     89.10,     108.69) | ##########                               3
  [    108.69,     128.27) |                                          0
  [    128.27,     147.85) | ##############################           9
  [    147.85,     167.43) | ##########                               3
  [    167.43,     187.02) | ######################################## 12
  [    187.02,     206.60) |                                          0
  [    206.60,     226.18) |                                          0
  [    226.18,     245.77) | ##############################           9

minSpot
  [      0.11,       0.11) | ##########################               6
  [      0.11,       0.11) | #############                            3
  [      0.11,       0.12) | #############                            3
  [      0.12,       0.12) | #############                            3
  [      0.12,       0.12) | ##########################               6
  [      0.12,       0.12) | ######################################## 9
  [      0.12,       0.13) | #############                            3
  [      0.13,       0.13) | #############                            3

maxSpot
  [      0.20,       0.20) | ######################################## 12
  [      0.20,       0.21) |                                          0
  [      0.21,       0.21) |                                          0
  [      0.21,       0.21) | ##############################           9
  [      0.21,       0.21) |                                          0
  [      0.21,       0.22) | ##########                               3
  [      0.22,       0.22) | ##########                               3
  [      0.22,       0.22) | ##############################           9

minCurve
  [      0.11,       0.11) | ####################                     6
  [      0.11,       0.11) | ##########                               3
  [      0.11,       0.11) | ##########                               3
  [      0.11,       0.11) | ####################                     6
  [      0.11,       0.11) |                                          0
  [      0.11,       0.11) | ######################################## 12
  [      0.11,       0.11) |                                          0
  [      0.11,       0.12) | ####################                     6

maxCurve
  [      0.24,       0.24) | ######################################## 12
  [      0.24,       0.25) | ####################                     6
  [      0.25,       0.25) | ####################                     6
  [      0.25,       0.26) |                                          0
  [      0.26,       0.26) | ##############################           9
  [      0.26,       0.26) |                                          0
  [      0.26,       0.27) |                                          0
  [      0.27,       0.27) | ##########                               3

rounds
  [     59.50,      59.62) |                                          0
  [     59.62,      59.75) |                                          0
  [     59.75,      59.88) |                                          0
  [     59.88,      60.00) |                                          0
  [     60.00,      60.12) | ######################################## 36
  [     60.12,      60.25) |                                          0
  [     60.25,      60.38) |                                          0
  [     60.38,      60.50) |                                          0

settlementLegs
  [     75.00,      76.00) | ########                                 3
  [     76.00,      77.00) | ########                                 3
  [     77.00,      78.00) |                                          0
  [     78.00,      79.00) |                                          0
  [     79.00,      80.00) |                                          0
  [     80.00,      81.00) | ########################                 9
  [     81.00,      82.00) | ################                         6
  [     82.00,      83.00) | ######################################## 15

x402Total
  [     -0.50,      -0.38) |                                          0
  [     -0.38,      -0.25) |                                          0
  [     -0.25,      -0.12) |                                          0
  [     -0.12,       0.00) |                                          0
  [      0.00,       0.12) | ######################################## 36
  [      0.12,       0.25) |                                          0
  [      0.25,       0.38) |                                          0
  [      0.38,       0.50) |                                          0

deniedWorkers
  [     -0.50,      -0.38) |                                          0
  [     -0.38,      -0.25) |                                          0
  [     -0.25,      -0.12) |                                          0
  [     -0.12,       0.00) |                                          0
  [      0.00,       0.12) | ######################################## 36
  [      0.12,       0.25) |                                          0
  [      0.25,       0.38) |                                          0
  [      0.38,       0.50) |                                          0

=== Descriptive Statistics — mode=spread ===
                count          mean           std           min            5%           25%           50%           75%           95%           max   skew   kurt
seed             36.0  6.584734e+08  8.007837e+08  2.026072e+08  2.026072e+08  2.026072e+08  2.026072e+08  6.584734e+08  2.026072e+09  2.026072e+09  1.206 -0.582
role_pnl         36.0 -3.261160e+02  1.079897e+04 -3.016218e+04 -2.162979e+04 -4.885499e+03  2.452063e+03  6.052522e+03  1.504142e+04  1.871479e+04 -0.920  0.883
wallet_sum_pnl   36.0 -1.263582e-12  5.560137e-12 -1.357137e-11 -1.357137e-11 -3.069545e-12 -1.705303e-12  1.449507e-12  7.730705e-12  7.730705e-12 -0.358  0.489
realizedAbs      36.0  4.955764e+04  1.979141e+04  2.706372e+04  2.706372e+04  3.807254e+04  4.219621e+04  5.166230e+04  9.443398e+04  9.443398e+04  1.391  0.753
minSpot          36.0  4.395246e+01  1.470294e+00  4.148717e+01  4.148717e+01  4.300166e+01  4.381349e+01  4.496027e+01  4.662053e+01  4.662053e+01  0.229 -0.728
maxSpot          36.0  6.644545e+01  2.089110e+00  6.357696e+01  6.357696e+01  6.507623e+01  6.580138e+01  6.766655e+01  7.039550e+01  7.039550e+01  0.592 -0.703
minCurve         36.0  4.003188e+01  7.686224e-01  3.819600e+01  3.819600e+01  3.974612e+01  4.030675e+01  4.037875e+01  4.102450e+01  4.102450e+01 -1.004  0.766
maxCurve         36.0  7.120421e+01  2.323812e+00  6.863200e+01  6.863200e+01  6.970387e+01  7.042575e+01  7.255137e+01  7.688950e+01  7.688950e+01  1.197  0.858
rounds           36.0  6.000000e+01  0.000000e+00  6.000000e+01  6.000000e+01  6.000000e+01  6.000000e+01  6.000000e+01  6.000000e+01  6.000000e+01  0.000  0.000
settlementLegs   36.0  7.991667e+01  2.005350e+00  7.700000e+01  7.700000e+01  7.875000e+01  8.000000e+01  8.125000e+01  8.300000e+01  8.300000e+01  0.121 -1.006
x402Total        36.0  0.000000e+00  0.000000e+00  0.000000e+00  0.000000e+00  0.000000e+00  0.000000e+00  0.000000e+00  0.000000e+00  0.000000e+00  0.000  0.000
deniedWorkers    36.0  0.000000e+00  0.000000e+00  0.000000e+00  0.000000e+00  0.000000e+00  0.000000e+00  0.000000e+00  0.000000e+00  0.000000e+00  0.000  0.000

=== Histograms — mode=spread ===

seed
  [202607191.00, 430540281.12) | ######################################## 27
  [430540281.12, 658473371.25) |                                          0
  [658473371.25, 886406461.38) |                                          0
  [886406461.38, 1114339551.50) |                                          0
  [1114339551.50, 1342272641.62) |                                          0
  [1342272641.62, 1570205731.75) |                                          0
  [1570205731.75, 1798138821.88) |                                          0
  [1798138821.88, 2026071912.00) | #############                            9

role_pnl
  [ -30162.18,  -24052.56) | #####                                    2
  [ -24052.56,  -17942.94) | ##                                       1
  [ -17942.94,  -11833.32) | #####                                    2
  [ -11833.32,   -5723.70) | ##########                               4
  [  -5723.70,     385.92) | ################                         6
  [    385.92,    6495.55) | ######################################## 15
  [   6495.55,   12605.17) | ########                                 3
  [  12605.17,   18714.79) | ########                                 3

wallet_sum_pnl
  [     -0.00,      -0.00) | ########                                 3
  [     -0.00,      -0.00) |                                          0
  [     -0.00,      -0.00) | ########                                 3
  [     -0.00,      -0.00) | ########                                 3
  [     -0.00,      -0.00) | ######################################## 15
  [     -0.00,       0.00) | ################                         6
  [      0.00,       0.00) |                                          0
  [      0.00,       0.00) | ################                         6

realizedAbs
  [  27063.72,   35485.00) | #####                                    3
  [  35485.00,   43906.28) | ######################################## 21
  [  43906.28,   52327.57) | #####                                    3
  [  52327.57,   60748.85) | #####                                    3
  [  60748.85,   69170.13) |                                          0
  [  69170.13,   77591.41) |                                          0
  [  77591.41,   86012.69) | #####                                    3
  [  86012.69,   94433.98) | #####                                    3

minSpot
  [     41.49,      42.13) | #############                            3
  [     42.13,      42.77) | #############                            3
  [     42.77,      43.41) | ######################################## 9
  [     43.41,      44.05) | ######################################## 9
  [     44.05,      44.70) |                                          0
  [     44.70,      45.34) | #############                            3
  [     45.34,      45.98) | ##########################               6
  [     45.98,      46.62) | #############                            3

maxSpot
  [     63.58,      64.43) | ##########################               6
  [     64.43,      65.28) | ##########################               6
  [     65.28,      66.13) | ######################################## 9
  [     66.13,      66.99) |                                          0
  [     66.99,      67.84) | ##########################               6
  [     67.84,      68.69) | #############                            3
  [     68.69,      69.54) |                                          0
  [     69.54,      70.40) | ##########################               6

minCurve
  [     38.20,      38.55) | ##########                               3
  [     38.55,      38.90) |                                          0
  [     38.90,      39.26) | ##########                               3
  [     39.26,      39.61) | ##########                               3
  [     39.61,      39.96) | ##########                               3
  [     39.96,      40.32) | ####################                     6
  [     40.32,      40.67) | ######################################## 12
  [     40.67,      41.02) | ####################                     6

maxCurve
  [     68.63,      69.66) | ##############################           9
  [     69.66,      70.70) | ######################################## 12
  [     70.70,      71.73) | ##########                               3
  [     71.73,      72.76) | ##########                               3
  [     72.76,      73.79) | ####################                     6
  [     73.79,      74.83) |                                          0
  [     74.83,      75.86) |                                          0
  [     75.86,      76.89) | ##########                               3

rounds
  [     59.50,      59.62) |                                          0
  [     59.62,      59.75) |                                          0
  [     59.75,      59.88) |                                          0
  [     59.88,      60.00) |                                          0
  [     60.00,      60.12) | ######################################## 36
  [     60.12,      60.25) |                                          0
  [     60.25,      60.38) |                                          0
  [     60.38,      60.50) |                                          0

settlementLegs
  [     77.00,      77.75) | ##########################               6
  [     77.75,      78.50) | #############                            3
  [     78.50,      79.25) | ##########################               6
  [     79.25,      80.00) |                                          0
  [     80.00,      80.75) | ######################################## 9
  [     80.75,      81.50) | #############                            3
  [     81.50,      82.25) | #############                            3
  [     82.25,      83.00) | ##########################               6

x402Total
  [     -0.50,      -0.38) |                                          0
  [     -0.38,      -0.25) |                                          0
  [     -0.25,      -0.12) |                                          0
  [     -0.12,       0.00) |                                          0
  [      0.00,       0.12) | ######################################## 36
  [      0.12,       0.25) |                                          0
  [      0.25,       0.38) |                                          0
  [      0.38,       0.50) |                                          0

deniedWorkers
  [     -0.50,      -0.38) |                                          0
  [     -0.38,      -0.25) |                                          0
  [     -0.25,      -0.12) |                                          0
  [     -0.12,       0.00) |                                          0
  [      0.00,       0.12) | ######################################## 36
  [      0.12,       0.25) |                                          0
  [      0.25,       0.38) |                                          0
  [      0.38,       0.50) |                                          0

=== Descriptive Statistics — mode=synthetic ===
                count          mean           std           min            5%           25%           50%           75%           95%           max   skew   kurt
seed             36.0  6.584734e+08  8.007837e+08  2.026072e+08  2.026072e+08  2.026072e+08  2.026072e+08  6.584734e+08  2.026072e+09  2.026072e+09  1.206 -0.582
role_pnl         36.0 -4.204360e-01  9.239692e+00 -2.489976e+01 -1.601619e+01 -7.060605e+00  1.397108e-02  7.912327e+00  1.160424e+01  1.358437e+01 -0.552 -0.065
wallet_sum_pnl   36.0  3.735438e-15  1.007737e-14 -7.105427e-15 -7.105427e-15 -2.997602e-15  9.714451e-16  4.725387e-15  2.620126e-14  2.620126e-14  1.329  0.641
realizedAbs      36.0  6.648421e+01  1.699434e+01  3.615844e+01  3.615844e+01  5.167247e+01  6.805424e+01  7.335845e+01  9.437225e+01  9.437225e+01  0.010 -0.761
minSpot          36.0  4.791259e-02  2.447777e-03  4.391496e-02  4.391496e-02  4.642075e-02  4.847770e-02  4.955472e-02  5.193044e-02  5.193044e-02 -0.288 -0.903
maxSpot          36.0  8.475881e-02  3.090997e-03  8.047891e-02  8.047891e-02  8.132099e-02  8.443150e-02  8.758896e-02  8.917135e-02  8.917135e-02  0.001 -1.531
minCurve         36.0  4.495833e-02  5.261043e-04  4.400000e-02  4.400000e-02  4.450000e-02  4.500000e-02  4.512500e-02  4.600000e-02  4.600000e-02  0.174 -0.187
maxCurve         36.0  1.000417e-01  3.243400e-03  9.650000e-02  9.650000e-02  9.737500e-02  9.900000e-02  1.021250e-01  1.080000e-01  1.080000e-01  1.111  0.846
rounds           36.0  6.000000e+01  0.000000e+00  6.000000e+01  6.000000e+01  6.000000e+01  6.000000e+01  6.000000e+01  6.000000e+01  6.000000e+01  0.000  0.000
settlementLegs   36.0  8.066667e+01  2.000000e+00  7.600000e+01  7.600000e+01  7.975000e+01  8.100000e+01  8.200000e+01  8.300000e+01  8.300000e+01 -0.872  0.300
x402Total        36.0  0.000000e+00  0.000000e+00  0.000000e+00  0.000000e+00  0.000000e+00  0.000000e+00  0.000000e+00  0.000000e+00  0.000000e+00  0.000  0.000
deniedWorkers    36.0  0.000000e+00  0.000000e+00  0.000000e+00  0.000000e+00  0.000000e+00  0.000000e+00  0.000000e+00  0.000000e+00  0.000000e+00  0.000  0.000

=== Histograms — mode=synthetic ===

seed
  [202607191.00, 430540281.12) | ######################################## 27
  [430540281.12, 658473371.25) |                                          0
  [658473371.25, 886406461.38) |                                          0
  [886406461.38, 1114339551.50) |                                          0
  [1114339551.50, 1342272641.62) |                                          0
  [1342272641.62, 1570205731.75) |                                          0
  [1570205731.75, 1798138821.88) |                                          0
  [1798138821.88, 2026071912.00) | #############                            9

role_pnl
  [    -24.90,     -20.09) | #####                                    1
  [    -20.09,     -15.28) | ##########                               2
  [    -15.28,     -10.47) | #####                                    1
  [    -10.47,      -5.66) | ##############################           6
  [     -5.66,      -0.85) | ######################################## 8
  [     -0.85,       3.96) | ##############################           6
  [      3.96,       8.77) | #########################                5
  [      8.77,      13.58) | ###################################      7

wallet_sum_pnl
  [     -0.00,      -0.00) | ######################################## 9
  [     -0.00,       0.00) | ######################################## 9
  [      0.00,       0.00) | ######################################## 9
  [      0.00,       0.00) | #############                            3
  [      0.00,       0.00) |                                          0
  [      0.00,       0.00) |                                          0
  [      0.00,       0.00) |                                          0
  [      0.00,       0.00) | ##########################               6

realizedAbs
  [     36.16,      43.44) | ########                                 3
  [     43.44,      50.71) | ########                                 3
  [     50.71,      57.99) | ################                         6
  [     57.99,      65.27) |                                          0
  [     65.27,      72.54) | ######################################## 15
  [     72.54,      79.82) |                                          0
  [     79.82,      87.10) | ########                                 3
  [     87.10,      94.37) | ################                         6

minSpot
  [      0.04,       0.04) | ##########################               6
  [      0.04,       0.05) | #############                            3
  [      0.05,       0.05) | #############                            3
  [      0.05,       0.05) | #############                            3
  [      0.05,       0.05) | ##########################               6
  [      0.05,       0.05) | ######################################## 9
  [      0.05,       0.05) | #############                            3
  [      0.05,       0.05) | #############                            3

maxSpot
  [      0.08,       0.08) | ######################################## 12
  [      0.08,       0.08) |                                          0
  [      0.08,       0.08) |                                          0
  [      0.08,       0.08) | ##############################           9
  [      0.08,       0.09) |                                          0
  [      0.09,       0.09) | ##########                               3
  [      0.09,       0.09) | ##########                               3
  [      0.09,       0.09) | ##############################           9

minCurve
  [      0.04,       0.04) | ########                                 3
  [      0.04,       0.04) |                                          0
  [      0.04,       0.04) | ########################                 9
  [      0.04,       0.04) |                                          0
  [      0.04,       0.05) | ######################################## 15
  [      0.05,       0.05) |                                          0
  [      0.05,       0.05) | ################                         6
  [      0.05,       0.05) | ########                                 3

maxCurve
  [      0.10,       0.10) | ######################################## 12
  [      0.10,       0.10) | ####################                     6
  [      0.10,       0.10) | ##########                               3
  [      0.10,       0.10) | ####################                     6
  [      0.10,       0.10) | ####################                     6
  [      0.10,       0.11) |                                          0
  [      0.11,       0.11) |                                          0
  [      0.11,       0.11) | ##########                               3

rounds
  [     59.50,      59.62) |                                          0
  [     59.62,      59.75) |                                          0
  [     59.75,      59.88) |                                          0
  [     59.88,      60.00) |                                          0
  [     60.00,      60.12) | ######################################## 36
  [     60.12,      60.25) |                                          0
  [     60.25,      60.38) |                                          0
  [     60.38,      60.50) |                                          0

settlementLegs
  [     76.00,      76.88) | ##########                               3
  [     76.88,      77.75) |                                          0
  [     77.75,      78.62) |                                          0
  [     78.62,      79.50) | ####################                     6
  [     79.50,      80.38) | ##############################           9
  [     80.38,      81.25) |                                          0
  [     81.25,      82.12) | ######################################## 12
  [     82.12,      83.00) | ####################                     6

x402Total
  [     -0.50,      -0.38) |                                          0
  [     -0.38,      -0.25) |                                          0
  [     -0.25,      -0.12) |                                          0
  [     -0.12,       0.00) |                                          0
  [      0.00,       0.12) | ######################################## 36
  [      0.12,       0.25) |                                          0
  [      0.25,       0.38) |                                          0
  [      0.38,       0.50) |                                          0

deniedWorkers
  [     -0.50,      -0.38) |                                          0
  [     -0.38,      -0.25) |                                          0
  [     -0.25,      -0.12) |                                          0
  [     -0.12,       0.00) |                                          0
  [      0.00,       0.12) | ######################################## 36
  [      0.12,       0.25) |                                          0
  [      0.25,       0.38) |                                          0
  [      0.38,       0.50) |                                          0

=== Descriptive Statistics — mode=x402 ===
                count          mean           std           min            5%           25%           50%           75%           95%           max   skew   kurt
seed             36.0  6.584734e+08  8.007837e+08  2.026072e+08  2.026072e+08  2.026072e+08  2.026072e+08  6.584734e+08  2.026072e+09  2.026072e+09  1.206 -0.582
role_pnl         36.0 -4.204360e-01  9.239692e+00 -2.489976e+01 -1.601619e+01 -7.060605e+00  1.397108e-02  7.912327e+00  1.160424e+01  1.358437e+01 -0.552 -0.065
wallet_sum_pnl   36.0  3.735438e-15  1.007737e-14 -7.105427e-15 -7.105427e-15 -2.997602e-15  9.714451e-16  4.725387e-15  2.620126e-14  2.620126e-14  1.329  0.641
realizedAbs      36.0  6.648421e+01  1.699434e+01  3.615844e+01  3.615844e+01  5.167247e+01  6.805424e+01  7.335845e+01  9.437225e+01  9.437225e+01  0.010 -0.761
minSpot          36.0  4.791259e-02  2.447777e-03  4.391496e-02  4.391496e-02  4.642075e-02  4.847770e-02  4.955472e-02  5.193044e-02  5.193044e-02 -0.288 -0.903
maxSpot          36.0  8.475881e-02  3.090997e-03  8.047891e-02  8.047891e-02  8.132099e-02  8.443150e-02  8.758896e-02  8.917135e-02  8.917135e-02  0.001 -1.531
minCurve         36.0  4.495833e-02  5.261043e-04  4.400000e-02  4.400000e-02  4.450000e-02  4.500000e-02  4.512500e-02  4.600000e-02  4.600000e-02  0.174 -0.187
maxCurve         36.0  1.000417e-01  3.243400e-03  9.650000e-02  9.650000e-02  9.737500e-02  9.900000e-02  1.021250e-01  1.080000e-01  1.080000e-01  1.111  0.846
rounds           36.0  6.000000e+01  0.000000e+00  6.000000e+01  6.000000e+01  6.000000e+01  6.000000e+01  6.000000e+01  6.000000e+01  6.000000e+01  0.000  0.000
settlementLegs   36.0  8.066667e+01  2.000000e+00  7.600000e+01  7.600000e+01  7.975000e+01  8.100000e+01  8.200000e+01  8.300000e+01  8.300000e+01 -0.872  0.300
x402Total        36.0  3.262168e+02  4.287647e+01  2.572746e+02  2.572746e+02  3.000073e+02  3.345978e+02  3.463500e+02  4.145195e+02  4.145195e+02  0.169 -0.189
deniedWorkers    36.0  0.000000e+00  0.000000e+00  0.000000e+00  0.000000e+00  0.000000e+00  0.000000e+00  0.000000e+00  0.000000e+00  0.000000e+00  0.000  0.000

=== Histograms — mode=x402 ===

seed
  [202607191.00, 430540281.12) | ######################################## 27
  [430540281.12, 658473371.25) |                                          0
  [658473371.25, 886406461.38) |                                          0
  [886406461.38, 1114339551.50) |                                          0
  [1114339551.50, 1342272641.62) |                                          0
  [1342272641.62, 1570205731.75) |                                          0
  [1570205731.75, 1798138821.88) |                                          0
  [1798138821.88, 2026071912.00) | #############                            9

role_pnl
  [    -24.90,     -20.09) | #####                                    1
  [    -20.09,     -15.28) | ##########                               2
  [    -15.28,     -10.47) | #####                                    1
  [    -10.47,      -5.66) | ##############################           6
  [     -5.66,      -0.85) | ######################################## 8
  [     -0.85,       3.96) | ##############################           6
  [      3.96,       8.77) | #########################                5
  [      8.77,      13.58) | ###################################      7

wallet_sum_pnl
  [     -0.00,      -0.00) | ######################################## 9
  [     -0.00,       0.00) | ######################################## 9
  [      0.00,       0.00) | ######################################## 9
  [      0.00,       0.00) | #############                            3
  [      0.00,       0.00) |                                          0
  [      0.00,       0.00) |                                          0
  [      0.00,       0.00) |                                          0
  [      0.00,       0.00) | ##########################               6

realizedAbs
  [     36.16,      43.44) | ########                                 3
  [     43.44,      50.71) | ########                                 3
  [     50.71,      57.99) | ################                         6
  [     57.99,      65.27) |                                          0
  [     65.27,      72.54) | ######################################## 15
  [     72.54,      79.82) |                                          0
  [     79.82,      87.10) | ########                                 3
  [     87.10,      94.37) | ################                         6

minSpot
  [      0.04,       0.04) | ##########################               6
  [      0.04,       0.05) | #############                            3
  [      0.05,       0.05) | #############                            3
  [      0.05,       0.05) | #############                            3
  [      0.05,       0.05) | ##########################               6
  [      0.05,       0.05) | ######################################## 9
  [      0.05,       0.05) | #############                            3
  [      0.05,       0.05) | #############                            3

maxSpot
  [      0.08,       0.08) | ######################################## 12
  [      0.08,       0.08) |                                          0
  [      0.08,       0.08) |                                          0
  [      0.08,       0.08) | ##############################           9
  [      0.08,       0.09) |                                          0
  [      0.09,       0.09) | ##########                               3
  [      0.09,       0.09) | ##########                               3
  [      0.09,       0.09) | ##############################           9

minCurve
  [      0.04,       0.04) | ########                                 3
  [      0.04,       0.04) |                                          0
  [      0.04,       0.04) | ########################                 9
  [      0.04,       0.04) |                                          0
  [      0.04,       0.05) | ######################################## 15
  [      0.05,       0.05) |                                          0
  [      0.05,       0.05) | ################                         6
  [      0.05,       0.05) | ########                                 3

maxCurve
  [      0.10,       0.10) | ######################################## 12
  [      0.10,       0.10) | ####################                     6
  [      0.10,       0.10) | ##########                               3
  [      0.10,       0.10) | ####################                     6
  [      0.10,       0.10) | ####################                     6
  [      0.10,       0.11) |                                          0
  [      0.11,       0.11) |                                          0
  [      0.11,       0.11) | ##########                               3

rounds
  [     59.50,      59.62) |                                          0
  [     59.62,      59.75) |                                          0
  [     59.75,      59.88) |                                          0
  [     59.88,      60.00) |                                          0
  [     60.00,      60.12) | ######################################## 36
  [     60.12,      60.25) |                                          0
  [     60.25,      60.38) |                                          0
  [     60.38,      60.50) |                                          0

settlementLegs
  [     76.00,      76.88) | ##########                               3
  [     76.88,      77.75) |                                          0
  [     77.75,      78.62) |                                          0
  [     78.62,      79.50) | ####################                     6
  [     79.50,      80.38) | ##############################           9
  [     80.38,      81.25) |                                          0
  [     81.25,      82.12) | ######################################## 12
  [     82.12,      83.00) | ####################                     6

x402Total
  [    257.27,     276.93) | ##############################           9
  [    276.93,     296.59) |                                          0
  [    296.59,     316.24) | ##########                               3
  [    316.24,     335.90) | ####################                     6
  [    335.90,     355.55) | ######################################## 12
  [    355.55,     375.21) | ##########                               3
  [    375.21,     394.86) |                                          0
  [    394.86,     414.52) | ##########                               3

deniedWorkers
  [     -0.50,      -0.38) |                                          0
  [     -0.38,      -0.25) |                                          0
  [     -0.25,      -0.12) |                                          0
  [     -0.12,       0.00) |                                          0
  [      0.00,       0.12) | ######################################## 36
  [      0.12,       0.25) |                                          0
  [      0.25,       0.38) |                                          0
  [      0.38,       0.50) |                                          0


Stats saved to /home/runner/work/aeon/aeon/out/programmatic-eda/compute-futures-2026-07-19/distributions_by_mode.csv
