=== Descriptive Statistics — mode=basket ===
                count          mean           std           min            5%           25%           50%           75%           95%           max   skew   kurt
seed             36.0  6.584795e+08  8.007911e+08  2.026091e+08  2.026091e+08  2.026091e+08  2.026091e+08  6.584795e+08  2.026091e+09  2.026091e+09  1.206 -0.582
role_pnl         36.0 -5.743055e-01  3.942738e+01 -8.756528e+01 -6.465824e+01 -3.736106e+01  1.592983e+01  2.808328e+01  4.655452e+01  4.787534e+01 -0.700 -0.884
wallet_sum_pnl   36.0 -4.514907e-15  1.339712e-14 -2.442491e-14 -2.442491e-14 -1.132427e-14 -3.996803e-15 -6.661338e-16  2.042810e-14  2.042810e-14  0.315 -0.400
realizedAbs      36.0  2.166664e+02  3.674040e+01  1.424802e+02  1.424802e+02  1.939698e+02  2.201794e+02  2.423652e+02  2.732865e+02  2.732865e+02 -0.442 -0.474
minSpot          36.0  1.199054e-01  4.271601e-03  1.117462e-01  1.117462e-01  1.184053e-01  1.203892e-01  1.220798e-01  1.276071e-01  1.276071e-01 -0.344 -0.039
maxSpot          36.0  2.090481e-01  8.205192e-03  1.932835e-01  1.932835e-01  2.054094e-01  2.112791e-01  2.156144e-01  2.176312e-01  2.176312e-01 -0.837 -0.488
minCurve         36.0  1.087500e-01  3.074085e-03  1.020000e-01  1.020000e-01  1.073750e-01  1.092500e-01  1.111250e-01  1.125000e-01  1.125000e-01 -0.854 -0.107
maxCurve         36.0  2.487500e-01  4.677454e-03  2.425000e-01  2.425000e-01  2.457500e-01  2.485000e-01  2.498750e-01  2.575000e-01  2.575000e-01  0.579 -0.315
rounds           36.0  6.000000e+01  0.000000e+00  6.000000e+01  6.000000e+01  6.000000e+01  6.000000e+01  6.000000e+01  6.000000e+01  6.000000e+01  0.000  0.000
settlementLegs   36.0  8.025000e+01  2.195775e+00  7.600000e+01  7.600000e+01  7.875000e+01  8.050000e+01  8.125000e+01  8.400000e+01  8.400000e+01 -0.183 -0.451
x402Total        36.0  0.000000e+00  0.000000e+00  0.000000e+00  0.000000e+00  0.000000e+00  0.000000e+00  0.000000e+00  0.000000e+00  0.000000e+00  0.000  0.000
deniedWorkers    36.0  0.000000e+00  0.000000e+00  0.000000e+00  0.000000e+00  0.000000e+00  0.000000e+00  0.000000e+00  0.000000e+00  0.000000e+00  0.000  0.000

=== Histograms — mode=basket ===

seed
  [202609061.00, 430544254.88) | ######################################## 27
  [430544254.88, 658479448.75) |                                          0
  [658479448.75, 886414642.62) |                                          0
  [886414642.62, 1114349836.50) |                                          0
  [1114349836.50, 1342285030.38) |                                          0
  [1342285030.38, 1570220224.25) |                                          0
  [1570220224.25, 1798155418.12) |                                          0
  [1798155418.12, 2026090612.00) | #############                            9

role_pnl
  [    -87.57,     -70.64) | ##                                       1
  [    -70.64,     -53.71) | #############                            5
  [    -53.71,     -36.78) | ##########                               4
  [    -36.78,     -19.84) | ##                                       1
  [    -19.84,      -2.91) | #####                                    2
  [     -2.91,      14.02) | #####                                    2
  [     14.02,      30.95) | ######################################## 15
  [     30.95,      47.88) | ################                         6

wallet_sum_pnl
  [     -0.00,      -0.00) | ##############################           9
  [     -0.00,      -0.00) |                                          0
  [     -0.00,      -0.00) | ##########                               3
  [     -0.00,      -0.00) | ######################################## 12
  [     -0.00,       0.00) | ####################                     6
  [      0.00,       0.00) |                                          0
  [      0.00,       0.00) |                                          0
  [      0.00,       0.00) | ####################                     6

realizedAbs
  [    142.48,     158.83) | #############                            3
  [    158.83,     175.18) | #############                            3
  [    175.18,     191.53) | #############                            3
  [    191.53,     207.88) | #############                            3
  [    207.88,     224.23) | ######################################## 9
  [    224.23,     240.58) | #############                            3
  [    240.58,     256.94) | ##########################               6
  [    256.94,     273.29) | ##########################               6

minSpot
  [      0.11,       0.11) | ##########################               6
  [      0.11,       0.12) |                                          0
  [      0.12,       0.12) | #############                            3
  [      0.12,       0.12) | ##########################               6
  [      0.12,       0.12) | ######################################## 9
  [      0.12,       0.12) | ##########################               6
  [      0.12,       0.13) | #############                            3
  [      0.13,       0.13) | #############                            3

maxSpot
  [      0.19,       0.20) | ################                         6
  [      0.20,       0.20) |                                          0
  [      0.20,       0.20) |                                          0
  [      0.20,       0.21) | ########                                 3
  [      0.21,       0.21) | ################                         6
  [      0.21,       0.21) | ########                                 3
  [      0.21,       0.21) | ########                                 3
  [      0.21,       0.22) | ######################################## 15

minCurve
  [      0.10,       0.10) | #############                            3
  [      0.10,       0.10) |                                          0
  [      0.10,       0.11) | ##########################               6
  [      0.11,       0.11) |                                          0
  [      0.11,       0.11) | #############                            3
  [      0.11,       0.11) | ######################################## 9
  [      0.11,       0.11) | ##########################               6
  [      0.11,       0.11) | ######################################## 9

maxCurve
  [      0.24,       0.24) | ########################                 9
  [      0.24,       0.25) |                                          0
  [      0.25,       0.25) | ########                                 3
  [      0.25,       0.25) | ######################################## 15
  [      0.25,       0.25) | ########                                 3
  [      0.25,       0.25) |                                          0
  [      0.25,       0.26) |                                          0
  [      0.26,       0.26) | ################                         6

rounds
  [     59.50,      59.62) |                                          0
  [     59.62,      59.75) |                                          0
  [     59.75,      59.88) |                                          0
  [     59.88,      60.00) |                                          0
  [     60.00,      60.12) | ######################################## 36
  [     60.12,      60.25) |                                          0
  [     60.25,      60.38) |                                          0
  [     60.38,      60.50) |                                          0

settlementLegs
  [     76.00,      77.00) | #############                            3
  [     77.00,      78.00) |                                          0
  [     78.00,      79.00) | ##########################               6
  [     79.00,      80.00) | #############                            3
  [     80.00,      81.00) | ##########################               6
  [     81.00,      82.00) | ######################################## 9
  [     82.00,      83.00) | #############                            3
  [     83.00,      84.00) | ##########################               6

x402Total
  [     -0.50,      -0.38) |                                          0
  [     -0.38,      -0.25) |                                          0
  [     -0.25,      -0.12) |                                          0
  [     -0.12,       0.00) |                                          0
  [      0.00,       0.12) | ######################################## 36
  [      0.12,       0.25) |                                          0
  [      0.25,       0.38) |                                          0
  [      0.38,       0.50) |                                          0

deniedWorkers
  [     -0.50,      -0.38) |                                          0
  [     -0.38,      -0.25) |                                          0
  [     -0.25,      -0.12) |                                          0
  [     -0.12,       0.00) |                                          0
  [      0.00,       0.12) | ######################################## 36
  [      0.12,       0.25) |                                          0
  [      0.25,       0.38) |                                          0
  [      0.38,       0.50) |                                          0

=== Descriptive Statistics — mode=spread ===
                count          mean           std           min            5%           25%           50%           75%           95%           max   skew   kurt
seed             36.0  6.584795e+08  8.007911e+08  2.026091e+08  2.026091e+08  2.026091e+08  2.026091e+08  6.584795e+08  2.026091e+09  2.026091e+09  1.206 -0.582
role_pnl         36.0 -2.853716e+02  3.268615e+03 -1.070389e+04 -6.037965e+03 -1.612926e+03 -2.653046e+02  1.996143e+03  3.852998e+03  6.385312e+03 -0.917  2.242
wallet_sum_pnl   36.0 -5.731711e-13  3.538497e-12 -7.275958e-12 -7.275958e-12 -3.126388e-12 -5.684342e-13  1.278977e-12  5.911716e-12  5.911716e-12  0.100 -0.222
realizedAbs      36.0  2.323704e+04  4.846730e+03  1.603245e+04  1.603245e+04  2.069884e+04  2.311488e+04  2.511827e+04  3.404761e+04  3.404761e+04  0.473  0.366
minSpot          36.0  2.258876e+01  9.916636e-01  2.086057e+01  2.086057e+01  2.209953e+01  2.280822e+01  2.323341e+01  2.422119e+01  2.422119e+01 -0.386 -0.671
maxSpot          36.0  3.503178e+01  1.312254e+00  3.297247e+01  3.297247e+01  3.393688e+01  3.518346e+01  3.613952e+01  3.699603e+01  3.699603e+01 -0.245 -1.222
minCurve         36.0  2.104067e+01  4.464948e-01  2.045350e+01  2.045350e+01  2.062463e+01  2.098725e+01  2.146562e+01  2.176000e+01  2.176000e+01  0.181 -1.455
maxCurve         36.0  3.764600e+01  1.110632e+00  3.619650e+01  3.619650e+01  3.652375e+01  3.736875e+01  3.863788e+01  3.932500e+01  3.932500e+01  0.279 -1.455
rounds           36.0  6.000000e+01  0.000000e+00  6.000000e+01  6.000000e+01  6.000000e+01  6.000000e+01  6.000000e+01  6.000000e+01  6.000000e+01  0.000  0.000
settlementLegs   36.0  8.116667e+01  1.889822e+00  7.800000e+01  7.800000e+01  8.000000e+01  8.100000e+01  8.300000e+01  8.400000e+01  8.400000e+01 -0.335 -0.853
x402Total        36.0  0.000000e+00  0.000000e+00  0.000000e+00  0.000000e+00  0.000000e+00  0.000000e+00  0.000000e+00  0.000000e+00  0.000000e+00  0.000  0.000
deniedWorkers    36.0  0.000000e+00  0.000000e+00  0.000000e+00  0.000000e+00  0.000000e+00  0.000000e+00  0.000000e+00  0.000000e+00  0.000000e+00  0.000  0.000

=== Histograms — mode=spread ===

seed
  [202609061.00, 430544254.88) | ######################################## 27
  [430544254.88, 658479448.75) |                                          0
  [658479448.75, 886414642.62) |                                          0
  [886414642.62, 1114349836.50) |                                          0
  [1114349836.50, 1342285030.38) |                                          0
  [1342285030.38, 1570220224.25) |                                          0
  [1570220224.25, 1798155418.12) |                                          0
  [1798155418.12, 2026090612.00) | #############                            9

role_pnl
  [ -10703.89,   -8567.74) | ###                                      1
  [  -8567.74,   -6431.59) | ###                                      1
  [  -6431.59,   -4295.44) | ###                                      1
  [  -4295.44,   -2159.29) | #############                            4
  [  -2159.29,     -23.14) | ######################################## 12
  [    -23.14,    2113.01) | ##########################               8
  [   2113.01,    4249.16) | #######################                  7
  [   4249.16,    6385.31) | ######                                   2

wallet_sum_pnl
  [     -0.00,      -0.00) | #############                            3
  [     -0.00,      -0.00) |                                          0
  [     -0.00,      -0.00) | ######################################## 9
  [     -0.00,      -0.00) | #############                            3
  [     -0.00,       0.00) | ######################################## 9
  [      0.00,       0.00) | ##########################               6
  [      0.00,       0.00) |                                          0
  [      0.00,       0.00) | ##########################               6

realizedAbs
  [  16032.45,   18284.35) | ####################                     6
  [  18284.35,   20536.24) | ##########                               3
  [  20536.24,   22788.14) | ####################                     6
  [  22788.14,   25040.03) | ######################################## 12
  [  25040.03,   27291.93) | ##########                               3
  [  27291.93,   29543.82) | ##########                               3
  [  29543.82,   31795.72) |                                          0
  [  31795.72,   34047.61) | ##########                               3

minSpot
  [     20.86,      21.28) | ####################                     6
  [     21.28,      21.70) |                                          0
  [     21.70,      22.12) | ##########                               3
  [     22.12,      22.54) | ####################                     6
  [     22.54,      22.96) | ##########                               3
  [     22.96,      23.38) | ######################################## 12
  [     23.38,      23.80) | ##########                               3
  [     23.80,      24.22) | ##########                               3

maxSpot
  [     32.97,      33.48) | ##########################               6
  [     33.48,      33.98) | #############                            3
  [     33.98,      34.48) | #############                            3
  [     34.48,      34.98) | ##########################               6
  [     34.98,      35.49) | #############                            3
  [     35.49,      35.99) | #############                            3
  [     35.99,      36.49) | ######################################## 9
  [     36.49,      37.00) | #############                            3

minCurve
  [     20.45,      20.62) | ######################################## 9
  [     20.62,      20.78) | #############                            3
  [     20.78,      20.94) | #############                            3
  [     20.94,      21.11) | ##########################               6
  [     21.11,      21.27) | #############                            3
  [     21.27,      21.43) |                                          0
  [     21.43,      21.60) | ######################################## 9
  [     21.60,      21.76) | #############                            3

maxCurve
  [     36.20,      36.59) | ######################################## 12
  [     36.59,      36.98) |                                          0
  [     36.98,      37.37) | ####################                     6
  [     37.37,      37.76) | ##########                               3
  [     37.76,      38.15) | ##########                               3
  [     38.15,      38.54) | ##########                               3
  [     38.54,      38.93) |                                          0
  [     38.93,      39.33) | ##############################           9

rounds
  [     59.50,      59.62) |                                          0
  [     59.62,      59.75) |                                          0
  [     59.75,      59.88) |                                          0
  [     59.88,      60.00) |                                          0
  [     60.00,      60.12) | ######################################## 36
  [     60.12,      60.25) |                                          0
  [     60.25,      60.38) |                                          0
  [     60.38,      60.50) |                                          0

settlementLegs
  [     78.00,      78.75) | ##########################               6
  [     78.75,      79.50) |                                          0
  [     79.50,      80.25) | ##########################               6
  [     80.25,      81.00) |                                          0
  [     81.00,      81.75) | ######################################## 9
  [     81.75,      82.50) | #############                            3
  [     82.50,      83.25) | ######################################## 9
  [     83.25,      84.00) | #############                            3

x402Total
  [     -0.50,      -0.38) |                                          0
  [     -0.38,      -0.25) |                                          0
  [     -0.25,      -0.12) |                                          0
  [     -0.12,       0.00) |                                          0
  [      0.00,       0.12) | ######################################## 36
  [      0.12,       0.25) |                                          0
  [      0.25,       0.38) |                                          0
  [      0.38,       0.50) |                                          0

deniedWorkers
  [     -0.50,      -0.38) |                                          0
  [     -0.38,      -0.25) |                                          0
  [     -0.25,      -0.12) |                                          0
  [     -0.12,       0.00) |                                          0
  [      0.00,       0.12) | ######################################## 36
  [      0.12,       0.25) |                                          0
  [      0.25,       0.38) |                                          0
  [      0.38,       0.50) |                                          0

=== Descriptive Statistics — mode=synthetic ===
                count          mean           std           min            5%           25%           50%           75%           95%           max   skew   kurt
seed             36.0  6.584795e+08  8.007911e+08  2.026091e+08  2.026091e+08  2.026091e+08  2.026091e+08  6.584795e+08  2.026091e+09  2.026091e+09  1.206 -0.582
role_pnl         36.0 -2.889119e-01  1.401579e+01 -3.292917e+01 -2.285320e+01 -1.282067e+01  5.403703e+00  9.609158e+00  1.643489e+01  1.752640e+01 -0.746 -0.734
wallet_sum_pnl   36.0  9.182470e-16  1.049886e-14 -1.698641e-14 -1.698641e-14 -5.717649e-15  8.881784e-16  8.645862e-15  1.909584e-14  1.909584e-14 -0.011 -0.863
realizedAbs      36.0  8.461930e+01  1.409362e+01  5.597034e+01  5.597034e+01  7.754810e+01  8.686296e+01  9.638260e+01  1.059650e+02  1.059650e+02 -0.529 -0.433
minSpot          36.0  4.796218e-02  1.708640e-03  4.469848e-02  4.469848e-02  4.736211e-02  4.815568e-02  4.883190e-02  5.104284e-02  5.104284e-02 -0.344 -0.039
maxSpot          36.0  8.361925e-02  3.282077e-03  7.731340e-02  7.731340e-02  8.216375e-02  8.451164e-02  8.624577e-02  8.705246e-02  8.705246e-02 -0.837 -0.488
minCurve         36.0  4.354167e-02  1.283828e-03  4.100000e-02  4.100000e-02  4.275000e-02  4.375000e-02  4.462500e-02  4.500000e-02  4.500000e-02 -0.580 -0.743
maxCurve         36.0  9.975000e-02  1.903005e-03  9.700000e-02  9.700000e-02  9.900000e-02  9.950000e-02  1.003750e-01  1.030000e-01  1.030000e-01  0.400 -0.630
rounds           36.0  6.000000e+01  0.000000e+00  6.000000e+01  6.000000e+01  6.000000e+01  6.000000e+01  6.000000e+01  6.000000e+01  6.000000e+01  0.000  0.000
settlementLegs   36.0  7.966667e+01  2.461126e+00  7.500000e+01  7.500000e+01  7.775000e+01  8.000000e+01  8.200000e+01  8.300000e+01  8.300000e+01 -0.395 -1.050
x402Total        36.0  0.000000e+00  0.000000e+00  0.000000e+00  0.000000e+00  0.000000e+00  0.000000e+00  0.000000e+00  0.000000e+00  0.000000e+00  0.000  0.000
deniedWorkers    36.0  0.000000e+00  0.000000e+00  0.000000e+00  0.000000e+00  0.000000e+00  0.000000e+00  0.000000e+00  0.000000e+00  0.000000e+00  0.000  0.000

=== Histograms — mode=synthetic ===

seed
  [202609061.00, 430544254.88) | ######################################## 27
  [430544254.88, 658479448.75) |                                          0
  [658479448.75, 886414642.62) |                                          0
  [886414642.62, 1114349836.50) |                                          0
  [1114349836.50, 1342285030.38) |                                          0
  [1342285030.38, 1570220224.25) |                                          0
  [1570220224.25, 1798155418.12) |                                          0
  [1798155418.12, 2026090612.00) | #############                            9

role_pnl
  [    -32.93,     -26.62) | ###                                      1
  [    -26.62,     -20.32) | ##############                           4
  [    -20.32,     -14.01) | ##########                               3
  [    -14.01,      -7.70) | ##########                               3
  [     -7.70,      -1.39) | #######                                  2
  [     -1.39,       4.91) | ##################                       5
  [      4.91,      11.22) | ######################################## 11
  [     11.22,      17.53) | #########################                7

wallet_sum_pnl
  [     -0.00,      -0.00) | ####################                     3
  [     -0.00,      -0.00) | ######################################## 6
  [     -0.00,      -0.00) | ####################                     3
  [     -0.00,       0.00) | ######################################## 6
  [      0.00,       0.00) | ######################################## 6
  [      0.00,       0.00) | ######################################## 6
  [      0.00,       0.00) | ####################                     3
  [      0.00,       0.00) | ####################                     3

realizedAbs
  [     55.97,      62.22) | #############                            3
  [     62.22,      68.47) | #############                            3
  [     68.47,      74.72) | #############                            3
  [     74.72,      80.97) | ##########################               6
  [     80.97,      87.22) | #############                            3
  [     87.22,      93.47) | ##########################               6
  [     93.47,      99.72) | ######################################## 9
  [     99.72,     105.96) | #############                            3

minSpot
  [      0.04,       0.05) | ##########################               6
  [      0.05,       0.05) |                                          0
  [      0.05,       0.05) | #############                            3
  [      0.05,       0.05) | ##########################               6
  [      0.05,       0.05) | ######################################## 9
  [      0.05,       0.05) | ##########################               6
  [      0.05,       0.05) | #############                            3
  [      0.05,       0.05) | #############                            3

maxSpot
  [      0.08,       0.08) | ################                         6
  [      0.08,       0.08) |                                          0
  [      0.08,       0.08) |                                          0
  [      0.08,       0.08) | ########                                 3
  [      0.08,       0.08) | ################                         6
  [      0.08,       0.08) | ########                                 3
  [      0.08,       0.09) | ########                                 3
  [      0.09,       0.09) | ######################################## 15

minCurve
  [      0.04,       0.04) | ##########                               3
  [      0.04,       0.04) |                                          0
  [      0.04,       0.04) | ####################                     6
  [      0.04,       0.04) |                                          0
  [      0.04,       0.04) | ##########                               3
  [      0.04,       0.04) | ####################                     6
  [      0.04,       0.04) | ####################                     6
  [      0.04,       0.04) | ######################################## 12

maxCurve
  [      0.10,       0.10) | ########################                 9
  [      0.10,       0.10) |                                          0
  [      0.10,       0.10) |                                          0
  [      0.10,       0.10) | ######################################## 15
  [      0.10,       0.10) | ########                                 3
  [      0.10,       0.10) |                                          0
  [      0.10,       0.10) | ########                                 3
  [      0.10,       0.10) | ################                         6

rounds
  [     59.50,      59.62) |                                          0
  [     59.62,      59.75) |                                          0
  [     59.75,      59.88) |                                          0
  [     59.88,      60.00) |                                          0
  [     60.00,      60.12) | ######################################## 36
  [     60.12,      60.25) |                                          0
  [     60.25,      60.38) |                                          0
  [     60.38,      60.50) |                                          0

settlementLegs
  [     75.00,      76.00) | ##########                               3
  [     76.00,      77.00) |                                          0
  [     77.00,      78.00) | ####################                     6
  [     78.00,      79.00) | ##########                               3
  [     79.00,      80.00) | ####################                     6
  [     80.00,      81.00) |                                          0
  [     81.00,      82.00) | ####################                     6
  [     82.00,      83.00) | ######################################## 12

x402Total
  [     -0.50,      -0.38) |                                          0
  [     -0.38,      -0.25) |                                          0
  [     -0.25,      -0.12) |                                          0
  [     -0.12,       0.00) |                                          0
  [      0.00,       0.12) | ######################################## 36
  [      0.12,       0.25) |                                          0
  [      0.25,       0.38) |                                          0
  [      0.38,       0.50) |                                          0

deniedWorkers
  [     -0.50,      -0.38) |                                          0
  [     -0.38,      -0.25) |                                          0
  [     -0.25,      -0.12) |                                          0
  [     -0.12,       0.00) |                                          0
  [      0.00,       0.12) | ######################################## 36
  [      0.12,       0.25) |                                          0
  [      0.25,       0.38) |                                          0
  [      0.38,       0.50) |                                          0

=== Descriptive Statistics — mode=x402 ===
                count          mean           std           min            5%           25%           50%           75%           95%           max   skew   kurt
seed             36.0  6.584795e+08  8.007911e+08  2.026091e+08  2.026091e+08  2.026091e+08  2.026091e+08  6.584795e+08  2.026091e+09  2.026091e+09  1.206 -0.582
role_pnl         36.0 -2.889119e-01  1.401579e+01 -3.292917e+01 -2.285320e+01 -1.282067e+01  5.403703e+00  9.609158e+00  1.643489e+01  1.752640e+01 -0.746 -0.734
wallet_sum_pnl   36.0  9.182470e-16  1.049886e-14 -1.698641e-14 -1.698641e-14 -5.717649e-15  8.881784e-16  8.645862e-15  1.909584e-14  1.909584e-14 -0.011 -0.863
realizedAbs      36.0  8.461930e+01  1.409362e+01  5.597034e+01  5.597034e+01  7.754810e+01  8.686296e+01  9.638260e+01  1.059650e+02  1.059650e+02 -0.529 -0.433
minSpot          36.0  4.796218e-02  1.708640e-03  4.469848e-02  4.469848e-02  4.736211e-02  4.815568e-02  4.883190e-02  5.104284e-02  5.104284e-02 -0.344 -0.039
maxSpot          36.0  8.361925e-02  3.282077e-03  7.731340e-02  7.731340e-02  8.216375e-02  8.451164e-02  8.624577e-02  8.705246e-02  8.705246e-02 -0.837 -0.488
minCurve         36.0  4.354167e-02  1.283828e-03  4.100000e-02  4.100000e-02  4.275000e-02  4.375000e-02  4.462500e-02  4.500000e-02  4.500000e-02 -0.580 -0.743
maxCurve         36.0  9.975000e-02  1.903005e-03  9.700000e-02  9.700000e-02  9.900000e-02  9.950000e-02  1.003750e-01  1.030000e-01  1.030000e-01  0.400 -0.630
rounds           36.0  6.000000e+01  0.000000e+00  6.000000e+01  6.000000e+01  6.000000e+01  6.000000e+01  6.000000e+01  6.000000e+01  6.000000e+01  0.000  0.000
settlementLegs   36.0  7.966667e+01  2.461126e+00  7.500000e+01  7.500000e+01  7.775000e+01  8.000000e+01  8.200000e+01  8.300000e+01  8.300000e+01 -0.395 -1.050
x402Total        36.0  3.177268e+02  2.524104e+01  2.723280e+02  2.723280e+02  3.040860e+02  3.254260e+02  3.300573e+02  3.622463e+02  3.622463e+02 -0.371 -0.451
deniedWorkers    36.0  0.000000e+00  0.000000e+00  0.000000e+00  0.000000e+00  0.000000e+00  0.000000e+00  0.000000e+00  0.000000e+00  0.000000e+00  0.000  0.000

=== Histograms — mode=x402 ===

seed
  [202609061.00, 430544254.88) | ######################################## 27
  [430544254.88, 658479448.75) |                                          0
  [658479448.75, 886414642.62) |                                          0
  [886414642.62, 1114349836.50) |                                          0
  [1114349836.50, 1342285030.38) |                                          0
  [1342285030.38, 1570220224.25) |                                          0
  [1570220224.25, 1798155418.12) |                                          0
  [1798155418.12, 2026090612.00) | #############                            9

role_pnl
  [    -32.93,     -26.62) | ###                                      1
  [    -26.62,     -20.32) | ##############                           4
  [    -20.32,     -14.01) | ##########                               3
  [    -14.01,      -7.70) | ##########                               3
  [     -7.70,      -1.39) | #######                                  2
  [     -1.39,       4.91) | ##################                       5
  [      4.91,      11.22) | ######################################## 11
  [     11.22,      17.53) | #########################                7

wallet_sum_pnl
  [     -0.00,      -0.00) | ####################                     3
  [     -0.00,      -0.00) | ######################################## 6
  [     -0.00,      -0.00) | ####################                     3
  [     -0.00,       0.00) | ######################################## 6
  [      0.00,       0.00) | ######################################## 6
  [      0.00,       0.00) | ######################################## 6
  [      0.00,       0.00) | ####################                     3
  [      0.00,       0.00) | ####################                     3

realizedAbs
  [     55.97,      62.22) | #############                            3
  [     62.22,      68.47) | #############                            3
  [     68.47,      74.72) | #############                            3
  [     74.72,      80.97) | ##########################               6
  [     80.97,      87.22) | #############                            3
  [     87.22,      93.47) | ##########################               6
  [     93.47,      99.72) | ######################################## 9
  [     99.72,     105.96) | #############                            3

minSpot
  [      0.04,       0.05) | ##########################               6
  [      0.05,       0.05) |                                          0
  [      0.05,       0.05) | #############                            3
  [      0.05,       0.05) | ##########################               6
  [      0.05,       0.05) | ######################################## 9
  [      0.05,       0.05) | ##########################               6
  [      0.05,       0.05) | #############                            3
  [      0.05,       0.05) | #############                            3

maxSpot
  [      0.08,       0.08) | ################                         6
  [      0.08,       0.08) |                                          0
  [      0.08,       0.08) |                                          0
  [      0.08,       0.08) | ########                                 3
  [      0.08,       0.08) | ################                         6
  [      0.08,       0.08) | ########                                 3
  [      0.08,       0.09) | ########                                 3
  [      0.09,       0.09) | ######################################## 15

minCurve
  [      0.04,       0.04) | ##########                               3
  [      0.04,       0.04) |                                          0
  [      0.04,       0.04) | ####################                     6
  [      0.04,       0.04) |                                          0
  [      0.04,       0.04) | ##########                               3
  [      0.04,       0.04) | ####################                     6
  [      0.04,       0.04) | ####################                     6
  [      0.04,       0.04) | ######################################## 12

maxCurve
  [      0.10,       0.10) | ########################                 9
  [      0.10,       0.10) |                                          0
  [      0.10,       0.10) |                                          0
  [      0.10,       0.10) | ######################################## 15
  [      0.10,       0.10) | ########                                 3
  [      0.10,       0.10) |                                          0
  [      0.10,       0.10) | ########                                 3
  [      0.10,       0.10) | ################                         6

rounds
  [     59.50,      59.62) |                                          0
  [     59.62,      59.75) |                                          0
  [     59.75,      59.88) |                                          0
  [     59.88,      60.00) |                                          0
  [     60.00,      60.12) | ######################################## 36
  [     60.12,      60.25) |                                          0
  [     60.25,      60.38) |                                          0
  [     60.38,      60.50) |                                          0

settlementLegs
  [     75.00,      76.00) | ##########                               3
  [     76.00,      77.00) |                                          0
  [     77.00,      78.00) | ####################                     6
  [     78.00,      79.00) | ##########                               3
  [     79.00,      80.00) | ####################                     6
  [     80.00,      81.00) |                                          0
  [     81.00,      82.00) | ####################                     6
  [     82.00,      83.00) | ######################################## 12

x402Total
  [    272.33,     283.57) | ################                         6
  [    283.57,     294.81) | ########                                 3
  [    294.81,     306.05) |                                          0
  [    306.05,     317.29) | ########                                 3
  [    317.29,     328.53) | ######################################## 15
  [    328.53,     339.77) | ################                         6
  [    339.77,     351.01) |                                          0
  [    351.01,     362.25) | ########                                 3

deniedWorkers
  [     -0.50,      -0.38) |                                          0
  [     -0.38,      -0.25) |                                          0
  [     -0.25,      -0.12) |                                          0
  [     -0.12,       0.00) |                                          0
  [      0.00,       0.12) | ######################################## 36
  [      0.12,       0.25) |                                          0
  [      0.25,       0.38) |                                          0
  [      0.38,       0.50) |                                          0


Stats saved to out/programmatic-eda/compute-futures-2026-09-06/distributions_by_mode.csv
