=== Descriptive Statistics — mode=basket ===
                count          mean           std           min            5%           25%           50%           75%           95%           max   skew   kurt
seed             36.0  6.584698e+08  8.007793e+08  2.026061e+08  2.026061e+08  2.026061e+08  2.026061e+08  6.584698e+08  2.026061e+09  2.026061e+09  1.206 -0.582
role_pnl         36.0 -6.736225e-01  3.280756e+01 -7.272879e+01 -5.455905e+01 -2.083647e+01  5.674013e+00  2.352342e+01  4.013385e+01  6.572849e+01 -0.332 -0.487
wallet_sum_pnl   36.0  2.359224e-16  3.664748e-14 -4.529710e-14 -4.529710e-14 -2.764455e-14  4.329870e-15  9.617307e-15  7.371881e-14  7.371881e-14  0.687 -0.318
realizedAbs      36.0  2.024962e+02  5.621074e+01  1.012683e+02  1.012683e+02  1.648249e+02  2.123838e+02  2.536082e+02  2.751845e+02  2.751845e+02 -0.474 -1.042
minSpot          36.0  1.174274e-01  4.257380e-03  1.108015e-01  1.108015e-01  1.143171e-01  1.178627e-01  1.208054e-01  1.233196e-01  1.233196e-01 -0.114 -1.379
maxSpot          36.0  2.029125e-01  7.823177e-03  1.875654e-01  1.875654e-01  1.985437e-01  2.030175e-01  2.088034e-01  2.153492e-01  2.153492e-01 -0.405 -0.604
minCurve         36.0  1.063333e-01  3.242574e-03  1.010000e-01  1.010000e-01  1.025000e-01  1.075000e-01  1.086250e-01  1.105000e-01  1.105000e-01 -0.541 -1.360
maxCurve         36.0  2.349583e-01  2.318790e-03  2.320000e-01  2.320000e-01  2.328750e-01  2.345000e-01  2.375000e-01  2.385000e-01  2.385000e-01  0.280 -1.529
rounds           36.0  6.000000e+01  0.000000e+00  6.000000e+01  6.000000e+01  6.000000e+01  6.000000e+01  6.000000e+01  6.000000e+01  6.000000e+01  0.000  0.000
settlementLegs   36.0  8.075000e+01  1.610235e+00  7.600000e+01  7.600000e+01  8.075000e+01  8.100000e+01  8.200000e+01  8.200000e+01  8.200000e+01 -2.176  4.587
x402Total        36.0  0.000000e+00  0.000000e+00  0.000000e+00  0.000000e+00  0.000000e+00  0.000000e+00  0.000000e+00  0.000000e+00  0.000000e+00  0.000  0.000
deniedWorkers    36.0  0.000000e+00  0.000000e+00  0.000000e+00  0.000000e+00  0.000000e+00  0.000000e+00  0.000000e+00  0.000000e+00  0.000000e+00  0.000  0.000

=== Histograms — mode=basket ===

seed
  [202606081.00, 430537922.38) | ######################################## 27
  [430537922.38, 658469763.75) |                                          0
  [658469763.75, 886401605.12) |                                          0
  [886401605.12, 1114333446.50) |                                          0
  [1114333446.50, 1342265287.88) |                                          0
  [1342265287.88, 1570197129.25) |                                          0
  [1570197129.25, 1798128970.62) |                                          0
  [1798128970.62, 2026060812.00) | #############                            9

role_pnl
  [    -72.73,     -55.42) | ##########                               2
  [    -55.42,     -38.11) | ####################                     4
  [    -38.11,     -20.81) | ###############                          3
  [    -20.81,      -3.50) | ##############################           6
  [     -3.50,      13.81) | ###################################      7
  [     13.81,      31.11) | ######################################## 8
  [     31.11,      48.42) | #########################                5
  [     48.42,      65.73) | #####                                    1

wallet_sum_pnl
  [     -0.00,      -0.00) | ##############################           9
  [     -0.00,      -0.00) | ####################                     6
  [     -0.00,      -0.00) |                                          0
  [     -0.00,       0.00) | ######################################## 12
  [      0.00,       0.00) | ##########                               3
  [      0.00,       0.00) |                                          0
  [      0.00,       0.00) |                                          0
  [      0.00,       0.00) | ####################                     6

realizedAbs
  [    101.27,     123.01) | #############                            3
  [    123.01,     144.75) | ##########################               6
  [    144.75,     166.49) |                                          0
  [    166.49,     188.23) | #############                            3
  [    188.23,     209.97) | #############                            3
  [    209.97,     231.71) | ######################################## 9
  [    231.71,     253.44) | #############                            3
  [    253.44,     275.18) | ######################################## 9

minSpot
  [      0.11,       0.11) | ##########################               6
  [      0.11,       0.11) | #############                            3
  [      0.11,       0.12) | ##########################               6
  [      0.12,       0.12) | #############                            3
  [      0.12,       0.12) |                                          0
  [      0.12,       0.12) | ##########################               6
  [      0.12,       0.12) | #############                            3
  [      0.12,       0.12) | ######################################## 9

maxSpot
  [      0.19,       0.19) | #############                            3
  [      0.19,       0.19) | ##########################               6
  [      0.19,       0.20) |                                          0
  [      0.20,       0.20) | #############                            3
  [      0.20,       0.20) | ######################################## 9
  [      0.20,       0.21) | #############                            3
  [      0.21,       0.21) | ######################################## 9
  [      0.21,       0.22) | #############                            3

minCurve
  [      0.10,       0.10) | ####################                     6
  [      0.10,       0.10) | ####################                     6
  [      0.10,       0.10) |                                          0
  [      0.10,       0.11) |                                          0
  [      0.11,       0.11) |                                          0
  [      0.11,       0.11) | ######################################## 12
  [      0.11,       0.11) | ####################                     6
  [      0.11,       0.11) | ####################                     6

maxCurve
  [      0.23,       0.23) | ######################################## 9
  [      0.23,       0.23) | ##########################               6
  [      0.23,       0.23) | #############                            3
  [      0.23,       0.24) | #############                            3
  [      0.24,       0.24) | #############                            3
  [      0.24,       0.24) |                                          0
  [      0.24,       0.24) | ##########################               6
  [      0.24,       0.24) | ##########################               6

rounds
  [     59.50,      59.62) |                                          0
  [     59.62,      59.75) |                                          0
  [     59.75,      59.88) |                                          0
  [     59.88,      60.00) |                                          0
  [     60.00,      60.12) | ######################################## 36
  [     60.12,      60.25) |                                          0
  [     60.25,      60.38) |                                          0
  [     60.38,      60.50) |                                          0

settlementLegs
  [     76.00,      76.75) | ########                                 3
  [     76.75,      77.50) |                                          0
  [     77.50,      78.25) |                                          0
  [     78.25,      79.00) |                                          0
  [     79.00,      79.75) |                                          0
  [     79.75,      80.50) | ################                         6
  [     80.50,      81.25) | ######################################## 15
  [     81.25,      82.00) | ################################         12

x402Total
  [     -0.50,      -0.38) |                                          0
  [     -0.38,      -0.25) |                                          0
  [     -0.25,      -0.12) |                                          0
  [     -0.12,       0.00) |                                          0
  [      0.00,       0.12) | ######################################## 36
  [      0.12,       0.25) |                                          0
  [      0.25,       0.38) |                                          0
  [      0.38,       0.50) |                                          0

deniedWorkers
  [     -0.50,      -0.38) |                                          0
  [     -0.38,      -0.25) |                                          0
  [     -0.25,      -0.12) |                                          0
  [     -0.12,       0.00) |                                          0
  [      0.00,       0.12) | ######################################## 36
  [      0.12,       0.25) |                                          0
  [      0.25,       0.38) |                                          0
  [      0.38,       0.50) |                                          0

=== Descriptive Statistics — mode=spread ===
                count          mean           std           min            5%           25%           50%           75%           95%           max   skew   kurt
seed             36.0  6.584698e+08  8.007793e+08  2.026061e+08  2.026061e+08  2.026061e+08  2.026061e+08  6.584698e+08  2.026061e+09  2.026061e+09  1.206 -0.582
role_pnl         36.0 -5.051646e+02  8.933709e+03 -1.916962e+04 -1.640735e+04 -6.963719e+03  1.697754e+03  5.919092e+03  1.136469e+04  1.243796e+04 -0.574 -0.648
wallet_sum_pnl   36.0 -1.443586e-12  5.185826e-12 -1.045919e-11 -1.045919e-11 -5.684342e-12 -1.477929e-12  3.424816e-12  5.812240e-12  5.812240e-12 -0.153 -1.272
realizedAbs      36.0  4.926646e+04  1.171250e+04  2.816305e+04  2.816305e+04  4.250392e+04  4.855204e+04  5.277232e+04  7.235051e+04  7.235051e+04  0.368 -0.055
minSpot          36.0  4.316239e+01  9.846409e-01  4.158609e+01  4.158609e+01  4.243070e+01  4.318114e+01  4.384435e+01  4.475749e+01  4.475749e+01 -0.058 -1.130
maxSpot          36.0  6.591432e+01  3.478108e+00  6.215872e+01  6.215872e+01  6.381503e+01  6.475805e+01  6.703221e+01  7.473308e+01  7.473308e+01  1.327  1.392
minCurve         36.0  3.971448e+01  8.828572e-01  3.817250e+01  3.817250e+01  3.898112e+01  3.978850e+01  4.015275e+01  4.126850e+01  4.126850e+01  0.035 -0.763
maxCurve         36.0  7.141992e+01  1.159422e+00  6.961150e+01  6.961150e+01  7.052112e+01  7.136375e+01  7.186625e+01  7.360800e+01  7.360800e+01  0.364 -0.661
rounds           36.0  6.000000e+01  0.000000e+00  6.000000e+01  6.000000e+01  6.000000e+01  6.000000e+01  6.000000e+01  6.000000e+01  6.000000e+01  0.000  0.000
settlementLegs   36.0  7.991667e+01  1.826394e+00  7.700000e+01  7.700000e+01  7.875000e+01  8.050000e+01  8.125000e+01  8.200000e+01  8.200000e+01 -0.406 -1.261
x402Total        36.0  0.000000e+00  0.000000e+00  0.000000e+00  0.000000e+00  0.000000e+00  0.000000e+00  0.000000e+00  0.000000e+00  0.000000e+00  0.000  0.000
deniedWorkers    36.0  0.000000e+00  0.000000e+00  0.000000e+00  0.000000e+00  0.000000e+00  0.000000e+00  0.000000e+00  0.000000e+00  0.000000e+00  0.000  0.000

=== Histograms — mode=spread ===

seed
  [202606081.00, 430537922.38) | ######################################## 27
  [430537922.38, 658469763.75) |                                          0
  [658469763.75, 886401605.12) |                                          0
  [886401605.12, 1114333446.50) |                                          0
  [1114333446.50, 1342265287.88) |                                          0
  [1342265287.88, 1570197129.25) |                                          0
  [1570197129.25, 1798128970.62) |                                          0
  [1798128970.62, 2026060812.00) | #############                            9

role_pnl
  [ -19169.62,  -15218.67) | ##########                               3
  [ -15218.67,  -11267.73) | ##########                               3
  [ -11267.73,   -7316.78) | #######                                  2
  [  -7316.78,   -3365.83) | ##############                           4
  [  -3365.83,     585.12) | ##########                               3
  [    585.12,    4536.06) | ######################################## 11
  [   4536.06,    8487.01) | ##############                           4
  [   8487.01,   12437.96) | #####################                    6

wallet_sum_pnl
  [     -0.00,      -0.00) | #############                            3
  [     -0.00,      -0.00) | #############                            3
  [     -0.00,      -0.00) | ##########################               6
  [     -0.00,      -0.00) | #############                            3
  [     -0.00,      -0.00) | ##########################               6
  [     -0.00,       0.00) | #############                            3
  [      0.00,       0.00) | #############                            3
  [      0.00,       0.00) | ######################################## 9

realizedAbs
  [  28163.05,   33686.48) | #############                            3
  [  33686.48,   39209.92) | #############                            3
  [  39209.92,   44733.35) | ##########################               6
  [  44733.35,   50256.78) | ######################################## 9
  [  50256.78,   55780.21) | ##########################               6
  [  55780.21,   61303.64) | #############                            3
  [  61303.64,   66827.08) | #############                            3
  [  66827.08,   72350.51) | #############                            3

minSpot
  [     41.59,      41.98) | ##########################               6
  [     41.98,      42.38) | #############                            3
  [     42.38,      42.78) | #############                            3
  [     42.78,      43.17) | ##########################               6
  [     43.17,      43.57) | #############                            3
  [     43.57,      43.96) | ######################################## 9
  [     43.96,      44.36) |                                          0
  [     44.36,      44.76) | ##########################               6

maxSpot
  [     62.16,      63.73) | ######################################## 9
  [     63.73,      65.30) | ######################################## 9
  [     65.30,      66.87) | ######################################## 9
  [     66.87,      68.45) | #############                            3
  [     68.45,      70.02) | #############                            3
  [     70.02,      71.59) |                                          0
  [     71.59,      73.16) |                                          0
  [     73.16,      74.73) | #############                            3

minCurve
  [     38.17,      38.56) | #############                            3
  [     38.56,      38.95) | ##########################               6
  [     38.95,      39.33) | #############                            3
  [     39.33,      39.72) | ##########################               6
  [     39.72,      40.11) | ######################################## 9
  [     40.11,      40.49) |                                          0
  [     40.49,      40.88) | ##########################               6
  [     40.88,      41.27) | #############                            3

maxCurve
  [     69.61,      70.11) | ########                                 3
  [     70.11,      70.61) | ########################                 9
  [     70.61,      71.11) |                                          0
  [     71.11,      71.61) | ######################################## 15
  [     71.61,      72.11) |                                          0
  [     72.11,      72.61) |                                          0
  [     72.61,      73.11) | ################                         6
  [     73.11,      73.61) | ########                                 3

rounds
  [     59.50,      59.62) |                                          0
  [     59.62,      59.75) |                                          0
  [     59.75,      59.88) |                                          0
  [     59.88,      60.00) |                                          0
  [     60.00,      60.12) | ######################################## 36
  [     60.12,      60.25) |                                          0
  [     60.25,      60.38) |                                          0
  [     60.38,      60.50) |                                          0

settlementLegs
  [     77.00,      77.62) | ##########################               6
  [     77.62,      78.25) | #############                            3
  [     78.25,      78.88) |                                          0
  [     78.88,      79.50) | ##########################               6
  [     79.50,      80.12) | #############                            3
  [     80.12,      80.75) |                                          0
  [     80.75,      81.38) | ######################################## 9
  [     81.38,      82.00) | ######################################## 9

x402Total
  [     -0.50,      -0.38) |                                          0
  [     -0.38,      -0.25) |                                          0
  [     -0.25,      -0.12) |                                          0
  [     -0.12,       0.00) |                                          0
  [      0.00,       0.12) | ######################################## 36
  [      0.12,       0.25) |                                          0
  [      0.25,       0.38) |                                          0
  [      0.38,       0.50) |                                          0

deniedWorkers
  [     -0.50,      -0.38) |                                          0
  [     -0.38,      -0.25) |                                          0
  [     -0.25,      -0.12) |                                          0
  [     -0.12,       0.00) |                                          0
  [      0.00,       0.12) | ######################################## 36
  [      0.12,       0.25) |                                          0
  [      0.25,       0.38) |                                          0
  [      0.38,       0.50) |                                          0

=== Descriptive Statistics — mode=synthetic ===
                count          mean           std           min            5%           25%           50%           75%           95%           max   skew   kurt
seed             36.0  6.584698e+08  8.007793e+08  2.026061e+08  2.026061e+08  2.026061e+08  2.026061e+08  6.584698e+08  2.026061e+09  2.026061e+09  1.206 -0.582
role_pnl         36.0 -4.377501e-02  1.245497e+01 -2.480493e+01 -2.080354e+01 -8.756835e+00  1.773860e+00  9.060154e+00  1.536596e+01  2.780585e+01 -0.180 -0.446
wallet_sum_pnl   36.0 -7.549517e-15  1.103854e-14 -2.409184e-14 -2.409184e-14 -1.601497e-14 -1.076916e-14 -8.049117e-16  1.232348e-14  1.232348e-14  0.464 -0.836
realizedAbs      36.0  8.366052e+01  2.191054e+01  4.495676e+01  4.495676e+01  6.901205e+01  8.833073e+01  1.010249e+02  1.128712e+02  1.128712e+02 -0.440 -1.044
minSpot          36.0  4.892808e-02  1.773908e-03  4.616730e-02  4.616730e-02  4.763210e-02  4.910947e-02  5.033558e-02  5.138315e-02  5.138315e-02 -0.114 -1.379
maxSpot          36.0  8.454690e-02  3.259657e-03  7.815224e-02  7.815224e-02  8.272656e-02  8.459063e-02  8.700142e-02  8.972883e-02  8.972883e-02 -0.405 -0.604
minCurve         36.0  4.429167e-02  1.316787e-03  4.200000e-02  4.200000e-02  4.300000e-02  4.450000e-02  4.512500e-02  4.600000e-02  4.600000e-02 -0.383 -1.139
maxCurve         36.0  9.808333e-02  9.449112e-04  9.700000e-02  9.700000e-02  9.737500e-02  9.775000e-02  9.900000e-02  9.950000e-02  9.950000e-02  0.311 -1.491
rounds           36.0  6.000000e+01  0.000000e+00  6.000000e+01  6.000000e+01  6.000000e+01  6.000000e+01  6.000000e+01  6.000000e+01  6.000000e+01  0.000  0.000
settlementLegs   36.0  8.066667e+01  1.195229e+00  7.800000e+01  7.800000e+01  8.000000e+01  8.100000e+01  8.125000e+01  8.200000e+01  8.200000e+01 -0.898  0.126
x402Total        36.0  0.000000e+00  0.000000e+00  0.000000e+00  0.000000e+00  0.000000e+00  0.000000e+00  0.000000e+00  0.000000e+00  0.000000e+00  0.000  0.000
deniedWorkers    36.0  0.000000e+00  0.000000e+00  0.000000e+00  0.000000e+00  0.000000e+00  0.000000e+00  0.000000e+00  0.000000e+00  0.000000e+00  0.000  0.000

=== Histograms — mode=synthetic ===

seed
  [202606081.00, 430537922.38) | ######################################## 27
  [430537922.38, 658469763.75) |                                          0
  [658469763.75, 886401605.12) |                                          0
  [886401605.12, 1114333446.50) |                                          0
  [1114333446.50, 1342265287.88) |                                          0
  [1342265287.88, 1570197129.25) |                                          0
  [1570197129.25, 1798128970.62) |                                          0
  [1798128970.62, 2026060812.00) | #############                            9

role_pnl
  [    -24.80,     -18.23) | #################                        4
  [    -18.23,     -11.65) | ########                                 2
  [    -11.65,      -5.08) | ##########################               6
  [     -5.08,       1.50) | ######################                   5
  [      1.50,       8.08) | ######################################## 9
  [      8.08,      14.65) | ##########################               6
  [     14.65,      21.23) | #############                            3
  [     21.23,      27.81) | ####                                     1

wallet_sum_pnl
  [     -0.00,      -0.00) | #############                            3
  [     -0.00,      -0.00) | ######################################## 9
  [     -0.00,      -0.00) | ##########################               6
  [     -0.00,      -0.00) | #############                            3
  [     -0.00,      -0.00) | #############                            3
  [     -0.00,       0.00) | ##########################               6
  [      0.00,       0.00) |                                          0
  [      0.00,       0.00) | ##########################               6

realizedAbs
  [     44.96,      53.45) | #############                            3
  [     53.45,      61.94) | ##########################               6
  [     61.94,      70.42) |                                          0
  [     70.42,      78.91) | #############                            3
  [     78.91,      87.40) | ##########################               6
  [     87.40,      95.89) | ##########################               6
  [     95.89,     104.38) | #############                            3
  [    104.38,     112.87) | ######################################## 9

minSpot
  [      0.05,       0.05) | ##########################               6
  [      0.05,       0.05) | #############                            3
  [      0.05,       0.05) | ##########################               6
  [      0.05,       0.05) | #############                            3
  [      0.05,       0.05) |                                          0
  [      0.05,       0.05) | ##########################               6
  [      0.05,       0.05) | #############                            3
  [      0.05,       0.05) | ######################################## 9

maxSpot
  [      0.08,       0.08) | #############                            3
  [      0.08,       0.08) | ##########################               6
  [      0.08,       0.08) |                                          0
  [      0.08,       0.08) | #############                            3
  [      0.08,       0.09) | ######################################## 9
  [      0.09,       0.09) | #############                            3
  [      0.09,       0.09) | ######################################## 9
  [      0.09,       0.09) | #############                            3

minCurve
  [      0.04,       0.04) | #############                            3
  [      0.04,       0.04) | ######################################## 9
  [      0.04,       0.04) |                                          0
  [      0.04,       0.04) |                                          0
  [      0.04,       0.04) |                                          0
  [      0.04,       0.04) | ######################################## 9
  [      0.04,       0.05) | ##########################               6
  [      0.05,       0.05) | ######################################## 9

maxCurve
  [      0.10,       0.10) | ######################################## 9
  [      0.10,       0.10) | ######################################## 9
  [      0.10,       0.10) |                                          0
  [      0.10,       0.10) | #############                            3
  [      0.10,       0.10) | #############                            3
  [      0.10,       0.10) |                                          0
  [      0.10,       0.10) | ##########################               6
  [      0.10,       0.10) | ##########################               6

rounds
  [     59.50,      59.62) |                                          0
  [     59.62,      59.75) |                                          0
  [     59.75,      59.88) |                                          0
  [     59.88,      60.00) |                                          0
  [     60.00,      60.12) | ######################################## 36
  [     60.12,      60.25) |                                          0
  [     60.25,      60.38) |                                          0
  [     60.38,      60.50) |                                          0

settlementLegs
  [     78.00,      78.50) | ########                                 3
  [     78.50,      79.00) |                                          0
  [     79.00,      79.50) | ########                                 3
  [     79.50,      80.00) |                                          0
  [     80.00,      80.50) | ################                         6
  [     80.50,      81.00) |                                          0
  [     81.00,      81.50) | ######################################## 15
  [     81.50,      82.00) | ########################                 9

x402Total
  [     -0.50,      -0.38) |                                          0
  [     -0.38,      -0.25) |                                          0
  [     -0.25,      -0.12) |                                          0
  [     -0.12,       0.00) |                                          0
  [      0.00,       0.12) | ######################################## 36
  [      0.12,       0.25) |                                          0
  [      0.25,       0.38) |                                          0
  [      0.38,       0.50) |                                          0

deniedWorkers
  [     -0.50,      -0.38) |                                          0
  [     -0.38,      -0.25) |                                          0
  [     -0.25,      -0.12) |                                          0
  [     -0.12,       0.00) |                                          0
  [      0.00,       0.12) | ######################################## 36
  [      0.12,       0.25) |                                          0
  [      0.25,       0.38) |                                          0
  [      0.38,       0.50) |                                          0

=== Descriptive Statistics — mode=x402 ===
                count          mean           std           min            5%           25%           50%           75%           95%           max   skew   kurt
seed             36.0  6.584698e+08  8.007793e+08  2.026061e+08  2.026061e+08  2.026061e+08  2.026061e+08  6.584698e+08  2.026061e+09  2.026061e+09  1.206 -0.582
role_pnl         36.0 -4.377501e-02  1.245497e+01 -2.480493e+01 -2.080354e+01 -8.756835e+00  1.773860e+00  9.060154e+00  1.536596e+01  2.780585e+01 -0.180 -0.446
wallet_sum_pnl   36.0 -7.549517e-15  1.103854e-14 -2.409184e-14 -2.409184e-14 -1.601497e-14 -1.076916e-14 -8.049117e-16  1.232348e-14  1.232348e-14  0.464 -0.836
realizedAbs      36.0  8.366052e+01  2.191054e+01  4.495676e+01  4.495676e+01  6.901205e+01  8.833073e+01  1.010249e+02  1.128712e+02  1.128712e+02 -0.440 -1.044
minSpot          36.0  4.892808e-02  1.773908e-03  4.616730e-02  4.616730e-02  4.763210e-02  4.910947e-02  5.033558e-02  5.138315e-02  5.138315e-02 -0.114 -1.379
maxSpot          36.0  8.454690e-02  3.259657e-03  7.815224e-02  7.815224e-02  8.272656e-02  8.459063e-02  8.700142e-02  8.972883e-02  8.972883e-02 -0.405 -0.604
minCurve         36.0  4.429167e-02  1.316787e-03  4.200000e-02  4.200000e-02  4.300000e-02  4.450000e-02  4.512500e-02  4.600000e-02  4.600000e-02 -0.383 -1.139
maxCurve         36.0  9.808333e-02  9.449112e-04  9.700000e-02  9.700000e-02  9.737500e-02  9.775000e-02  9.900000e-02  9.950000e-02  9.950000e-02  0.311 -1.491
rounds           36.0  6.000000e+01  0.000000e+00  6.000000e+01  6.000000e+01  6.000000e+01  6.000000e+01  6.000000e+01  6.000000e+01  6.000000e+01  0.000  0.000
settlementLegs   36.0  8.066667e+01  1.195229e+00  7.800000e+01  7.800000e+01  8.000000e+01  8.100000e+01  8.125000e+01  8.200000e+01  8.200000e+01 -0.898  0.126
x402Total        36.0  3.414969e+02  3.375059e+01  2.804195e+02  2.804195e+02  3.186923e+02  3.371262e+02  3.736518e+02  3.936584e+02  3.936584e+02 -0.162 -0.933
deniedWorkers    36.0  0.000000e+00  0.000000e+00  0.000000e+00  0.000000e+00  0.000000e+00  0.000000e+00  0.000000e+00  0.000000e+00  0.000000e+00  0.000  0.000

=== Histograms — mode=x402 ===

seed
  [202606081.00, 430537922.38) | ######################################## 27
  [430537922.38, 658469763.75) |                                          0
  [658469763.75, 886401605.12) |                                          0
  [886401605.12, 1114333446.50) |                                          0
  [1114333446.50, 1342265287.88) |                                          0
  [1342265287.88, 1570197129.25) |                                          0
  [1570197129.25, 1798128970.62) |                                          0
  [1798128970.62, 2026060812.00) | #############                            9

role_pnl
  [    -24.80,     -18.23) | #################                        4
  [    -18.23,     -11.65) | ########                                 2
  [    -11.65,      -5.08) | ##########################               6
  [     -5.08,       1.50) | ######################                   5
  [      1.50,       8.08) | ######################################## 9
  [      8.08,      14.65) | ##########################               6
  [     14.65,      21.23) | #############                            3
  [     21.23,      27.81) | ####                                     1

wallet_sum_pnl
  [     -0.00,      -0.00) | #############                            3
  [     -0.00,      -0.00) | ######################################## 9
  [     -0.00,      -0.00) | ##########################               6
  [     -0.00,      -0.00) | #############                            3
  [     -0.00,      -0.00) | #############                            3
  [     -0.00,       0.00) | ##########################               6
  [      0.00,       0.00) |                                          0
  [      0.00,       0.00) | ##########################               6

realizedAbs
  [     44.96,      53.45) | #############                            3
  [     53.45,      61.94) | ##########################               6
  [     61.94,      70.42) |                                          0
  [     70.42,      78.91) | #############                            3
  [     78.91,      87.40) | ##########################               6
  [     87.40,      95.89) | ##########################               6
  [     95.89,     104.38) | #############                            3
  [    104.38,     112.87) | ######################################## 9

minSpot
  [      0.05,       0.05) | ##########################               6
  [      0.05,       0.05) | #############                            3
  [      0.05,       0.05) | ##########################               6
  [      0.05,       0.05) | #############                            3
  [      0.05,       0.05) |                                          0
  [      0.05,       0.05) | ##########################               6
  [      0.05,       0.05) | #############                            3
  [      0.05,       0.05) | ######################################## 9

maxSpot
  [      0.08,       0.08) | #############                            3
  [      0.08,       0.08) | ##########################               6
  [      0.08,       0.08) |                                          0
  [      0.08,       0.08) | #############                            3
  [      0.08,       0.09) | ######################################## 9
  [      0.09,       0.09) | #############                            3
  [      0.09,       0.09) | ######################################## 9
  [      0.09,       0.09) | #############                            3

minCurve
  [      0.04,       0.04) | #############                            3
  [      0.04,       0.04) | ######################################## 9
  [      0.04,       0.04) |                                          0
  [      0.04,       0.04) |                                          0
  [      0.04,       0.04) |                                          0
  [      0.04,       0.04) | ######################################## 9
  [      0.04,       0.05) | ##########################               6
  [      0.05,       0.05) | ######################################## 9

maxCurve
  [      0.10,       0.10) | ######################################## 9
  [      0.10,       0.10) | ######################################## 9
  [      0.10,       0.10) |                                          0
  [      0.10,       0.10) | #############                            3
  [      0.10,       0.10) | #############                            3
  [      0.10,       0.10) |                                          0
  [      0.10,       0.10) | ##########################               6
  [      0.10,       0.10) | ##########################               6

rounds
  [     59.50,      59.62) |                                          0
  [     59.62,      59.75) |                                          0
  [     59.75,      59.88) |                                          0
  [     59.88,      60.00) |                                          0
  [     60.00,      60.12) | ######################################## 36
  [     60.12,      60.25) |                                          0
  [     60.25,      60.38) |                                          0
  [     60.38,      60.50) |                                          0

settlementLegs
  [     78.00,      78.50) | ########                                 3
  [     78.50,      79.00) |                                          0
  [     79.00,      79.50) | ########                                 3
  [     79.50,      80.00) |                                          0
  [     80.00,      80.50) | ################                         6
  [     80.50,      81.00) |                                          0
  [     81.00,      81.50) | ######################################## 15
  [     81.50,      82.00) | ########################                 9

x402Total
  [    280.42,     294.57) | ####################                     3
  [    294.57,     308.73) | ####################                     3
  [    308.73,     322.88) | ######################################## 6
  [    322.88,     337.04) | ######################################## 6
  [    337.04,     351.19) | ####################                     3
  [    351.19,     365.35) | ####################                     3
  [    365.35,     379.50) | ######################################## 6
  [    379.50,     393.66) | ######################################## 6

deniedWorkers
  [     -0.50,      -0.38) |                                          0
  [     -0.38,      -0.25) |                                          0
  [     -0.25,      -0.12) |                                          0
  [     -0.12,       0.00) |                                          0
  [      0.00,       0.12) | ######################################## 36
  [      0.12,       0.25) |                                          0
  [      0.25,       0.38) |                                          0
  [      0.38,       0.50) |                                          0


Stats saved to out/programmatic-eda/compute-futures-2026-06-08/distributions_by_mode.csv
