=== Descriptive Statistics — mode=basket ===
                count          mean           std           min            5%           25%           50%           75%           95%           max   skew   kurt
seed             36.0  6.584730e+08  8.007833e+08  2.026071e+08  2.026071e+08  2.026071e+08  2.026071e+08  6.584730e+08  2.026071e+09  2.026071e+09  1.206 -0.582
role_pnl         36.0 -1.321449e+00  3.217440e+01 -1.031881e+02 -5.719971e+01 -1.568537e+01  2.558057e+00  2.413818e+01  4.173350e+01  4.803518e+01 -0.953  1.701
wallet_sum_pnl   36.0 -5.699145e-15  2.021996e-14 -4.085621e-14 -4.085621e-14 -2.087219e-14 -4.773959e-15  1.215694e-14  2.042810e-14  2.042810e-14 -0.276 -1.292
realizedAbs      36.0  2.045183e+02  5.557167e+01  1.513079e+02  1.513079e+02  1.643675e+02  1.921562e+02  2.241486e+02  3.510184e+02  3.510184e+02  1.486  1.963
minSpot          36.0  1.153265e-01  3.744733e-03  1.091100e-01  1.091100e-01  1.133010e-01  1.149133e-01  1.181452e-01  1.219901e-01  1.219901e-01  0.076 -0.714
maxSpot          36.0  2.022125e-01  1.192435e-02  1.875856e-01  1.875856e-01  1.963234e-01  1.980662e-01  2.067930e-01  2.290874e-01  2.290874e-01  1.031  0.323
minCurve         36.0  1.060000e-01  3.420526e-03  9.950000e-02  9.950000e-02  1.035000e-01  1.070000e-01  1.086250e-01  1.100000e-01  1.100000e-01 -0.600 -1.009
maxCurve         36.0  2.391667e-01  7.154419e-03  2.305000e-01  2.305000e-01  2.338750e-01  2.367500e-01  2.420000e-01  2.545000e-01  2.545000e-01  0.852 -0.212
rounds           36.0  6.000000e+01  0.000000e+00  6.000000e+01  6.000000e+01  6.000000e+01  6.000000e+01  6.000000e+01  6.000000e+01  6.000000e+01  0.000  0.000
settlementLegs   36.0  8.025000e+01  2.075366e+00  7.700000e+01  7.700000e+01  7.900000e+01  8.000000e+01  8.125000e+01  8.400000e+01  8.400000e+01  0.072 -0.571
x402Total        36.0  0.000000e+00  0.000000e+00  0.000000e+00  0.000000e+00  0.000000e+00  0.000000e+00  0.000000e+00  0.000000e+00  0.000000e+00  0.000  0.000
deniedWorkers    36.0  0.000000e+00  0.000000e+00  0.000000e+00  0.000000e+00  0.000000e+00  0.000000e+00  0.000000e+00  0.000000e+00  0.000000e+00  0.000  0.000

=== Histograms — mode=basket ===

seed
  [202607081.00, 430540047.38) | ######################################## 27
  [430540047.38, 658473013.75) |                                          0
  [658473013.75, 886405980.12) |                                          0
  [886405980.12, 1114338946.50) |                                          0
  [1114338946.50, 1342271912.88) |                                          0
  [1342271912.88, 1570204879.25) |                                          0
  [1570204879.25, 1798137845.62) |                                          0
  [1798137845.62, 2026070812.00) | #############                            9

role_pnl
  [   -103.19,     -84.29) | ###                                      1
  [    -84.29,     -65.38) |                                          0
  [    -65.38,     -46.48) | #######                                  2
  [    -46.48,     -27.58) | #######                                  2
  [    -27.58,      -8.67) | ####################################     10
  [     -8.67,      10.23) | ######################################## 11
  [     10.23,      29.13) | ##########                               3
  [     29.13,      48.04) | #########################                7

wallet_sum_pnl
  [     -0.00,      -0.00) | #############                            3
  [     -0.00,      -0.00) | #############                            3
  [     -0.00,      -0.00) | ##########################               6
  [     -0.00,      -0.00) | ##########################               6
  [     -0.00,      -0.00) |                                          0
  [     -0.00,       0.00) | #############                            3
  [      0.00,       0.00) | ##########################               6
  [      0.00,       0.00) | ######################################## 9

realizedAbs
  [    151.31,     176.27) | ######################################## 15
  [    176.27,     201.24) | ################                         6
  [    201.24,     226.20) | ################                         6
  [    226.20,     251.16) | ########                                 3
  [    251.16,     276.13) | ########                                 3
  [    276.13,     301.09) |                                          0
  [    301.09,     326.05) |                                          0
  [    326.05,     351.02) | ########                                 3

minSpot
  [      0.11,       0.11) | ##########################               6
  [      0.11,       0.11) |                                          0
  [      0.11,       0.11) | ######################################## 9
  [      0.11,       0.12) | ##########################               6
  [      0.12,       0.12) | #############                            3
  [      0.12,       0.12) | #############                            3
  [      0.12,       0.12) | ##########################               6
  [      0.12,       0.12) | #############                            3

maxSpot
  [      0.19,       0.19) | ####################                     6
  [      0.19,       0.20) | ######################################## 12
  [      0.20,       0.20) | ####################                     6
  [      0.20,       0.21) | ##########                               3
  [      0.21,       0.21) | ##########                               3
  [      0.21,       0.22) |                                          0
  [      0.22,       0.22) | ##########                               3
  [      0.22,       0.23) | ##########                               3

minCurve
  [      0.10,       0.10) | #############                            3
  [      0.10,       0.10) | ##########################               6
  [      0.10,       0.10) |                                          0
  [      0.10,       0.10) | #############                            3
  [      0.10,       0.11) | ##########################               6
  [      0.11,       0.11) |                                          0
  [      0.11,       0.11) | ######################################## 9
  [      0.11,       0.11) | ######################################## 9

maxCurve
  [      0.23,       0.23) | ####################                     6
  [      0.23,       0.24) | ######################################## 12
  [      0.24,       0.24) | ##########                               3
  [      0.24,       0.24) | ####################                     6
  [      0.24,       0.25) | ##########                               3
  [      0.25,       0.25) |                                          0
  [      0.25,       0.25) | ##########                               3
  [      0.25,       0.25) | ##########                               3

rounds
  [     59.50,      59.62) |                                          0
  [     59.62,      59.75) |                                          0
  [     59.75,      59.88) |                                          0
  [     59.88,      60.00) |                                          0
  [     60.00,      60.12) | ######################################## 36
  [     60.12,      60.25) |                                          0
  [     60.25,      60.38) |                                          0
  [     60.38,      60.50) |                                          0

settlementLegs
  [     77.00,      77.88) | ##########################               6
  [     77.88,      78.75) |                                          0
  [     78.75,      79.62) | ##########################               6
  [     79.62,      80.50) | ######################################## 9
  [     80.50,      81.38) | ##########################               6
  [     81.38,      82.25) | #############                            3
  [     82.25,      83.12) | #############                            3
  [     83.12,      84.00) | #############                            3

x402Total
  [     -0.50,      -0.38) |                                          0
  [     -0.38,      -0.25) |                                          0
  [     -0.25,      -0.12) |                                          0
  [     -0.12,       0.00) |                                          0
  [      0.00,       0.12) | ######################################## 36
  [      0.12,       0.25) |                                          0
  [      0.25,       0.38) |                                          0
  [      0.38,       0.50) |                                          0

deniedWorkers
  [     -0.50,      -0.38) |                                          0
  [     -0.38,      -0.25) |                                          0
  [     -0.25,      -0.12) |                                          0
  [     -0.12,       0.00) |                                          0
  [      0.00,       0.12) | ######################################## 36
  [      0.12,       0.25) |                                          0
  [      0.25,       0.38) |                                          0
  [      0.38,       0.50) |                                          0

=== Descriptive Statistics — mode=spread ===
                count          mean           std           min            5%           25%           50%           75%           95%           max   skew   kurt
seed             36.0  6.584730e+08  8.007833e+08  2.026071e+08  2.026071e+08  2.026071e+08  2.026071e+08  6.584730e+08  2.026071e+09  2.026071e+09  1.206 -0.582
role_pnl         36.0 -5.521703e+02  8.208972e+03 -1.684954e+04 -1.274910e+04 -6.613529e+03 -3.633337e+02  7.077114e+03  1.076105e+04  1.480970e+04 -0.045 -0.974
wallet_sum_pnl   36.0 -4.357995e-13  6.151498e-12 -1.023182e-11 -1.023182e-11 -5.684342e-12  3.410605e-13  5.286438e-12  7.844392e-12  7.844392e-12 -0.138 -1.348
realizedAbs      36.0  4.614507e+04  9.806605e+03  2.591222e+04  2.591222e+04  4.246615e+04  4.786680e+04  5.387758e+04  5.789333e+04  5.789333e+04 -0.882 -0.238
minSpot          36.0  4.378243e+01  1.799054e+00  4.186938e+01  4.186938e+01  4.253303e+01  4.372415e+01  4.420916e+01  4.885009e+01  4.885009e+01  1.775  3.425
maxSpot          36.0  6.624494e+01  1.803294e+00  6.347585e+01  6.347585e+01  6.486526e+01  6.675051e+01  6.761101e+01  6.845724e+01  6.845724e+01 -0.456 -1.238
minCurve         36.0  4.001833e+01  1.033173e+00  3.790800e+01  3.790800e+01  3.932850e+01  4.001050e+01  4.088938e+01  4.168000e+01  4.168000e+01 -0.241 -0.357
maxCurve         36.0  7.005083e+01  1.490026e+00  6.669650e+01  6.669650e+01  6.910688e+01  7.028575e+01  7.102000e+01  7.208050e+01  7.208050e+01 -0.702  0.194
rounds           36.0  6.000000e+01  0.000000e+00  6.000000e+01  6.000000e+01  6.000000e+01  6.000000e+01  6.000000e+01  6.000000e+01  6.000000e+01  0.000  0.000
settlementLegs   36.0  8.108333e+01  2.247221e+00  7.600000e+01  7.600000e+01  7.975000e+01  8.100000e+01  8.300000e+01  8.400000e+01  8.400000e+01 -0.782  0.049
x402Total        36.0  0.000000e+00  0.000000e+00  0.000000e+00  0.000000e+00  0.000000e+00  0.000000e+00  0.000000e+00  0.000000e+00  0.000000e+00  0.000  0.000
deniedWorkers    36.0  0.000000e+00  0.000000e+00  0.000000e+00  0.000000e+00  0.000000e+00  0.000000e+00  0.000000e+00  0.000000e+00  0.000000e+00  0.000  0.000

=== Histograms — mode=spread ===

seed
  [202607081.00, 430540047.38) | ######################################## 27
  [430540047.38, 658473013.75) |                                          0
  [658473013.75, 886405980.12) |                                          0
  [886405980.12, 1114338946.50) |                                          0
  [1114338946.50, 1342271912.88) |                                          0
  [1342271912.88, 1570204879.25) |                                          0
  [1570204879.25, 1798137845.62) |                                          0
  [1798137845.62, 2026070812.00) | #############                            9

role_pnl
  [ -16849.54,  -12892.14) | ###########                              2
  [ -12892.14,   -8934.73) | ############################             5
  [  -8934.73,   -4977.33) | ######################                   4
  [  -4977.33,   -1019.92) | ##################################       6
  [  -1019.92,    2937.48) | ######################################## 7
  [   2937.48,    6894.89) | #################                        3
  [   6894.89,   10852.29) | ######################################## 7
  [  10852.29,   14809.70) | ###########                              2

wallet_sum_pnl
  [     -0.00,      -0.00) | ####################                     3
  [     -0.00,      -0.00) | ######################################## 6
  [     -0.00,      -0.00) | ####################                     3
  [     -0.00,      -0.00) | ####################                     3
  [     -0.00,       0.00) | ######################################## 6
  [      0.00,       0.00) | ####################                     3
  [      0.00,       0.00) | ######################################## 6
  [      0.00,       0.00) | ######################################## 6

realizedAbs
  [  25912.22,   29909.86) | ##########################               6
  [  29909.86,   33907.50) |                                          0
  [  33907.50,   37905.14) |                                          0
  [  37905.14,   41902.78) | #############                            3
  [  41902.78,   45900.42) | ##########################               6
  [  45900.42,   49898.06) | ##########################               6
  [  49898.06,   53895.69) | ##########################               6
  [  53895.69,   57893.33) | ######################################## 9

minSpot
  [     41.87,      42.74) | ################################         12
  [     42.74,      43.61) | ########                                 3
  [     43.61,      44.49) | ######################################## 15
  [     44.49,      45.36) | ########                                 3
  [     45.36,      46.23) |                                          0
  [     46.23,      47.10) |                                          0
  [     47.10,      47.98) |                                          0
  [     47.98,      48.85) | ########                                 3

maxSpot
  [     63.48,      64.10) | ######################################## 9
  [     64.10,      64.72) |                                          0
  [     64.72,      65.34) | #############                            3
  [     65.34,      65.97) | #############                            3
  [     65.97,      66.59) |                                          0
  [     66.59,      67.21) | ##########################               6
  [     67.21,      67.83) | ######################################## 9
  [     67.83,      68.46) | ##########################               6

minCurve
  [     37.91,      38.38) | #############                            3
  [     38.38,      38.85) |                                          0
  [     38.85,      39.32) | ##########################               6
  [     39.32,      39.79) | ##########################               6
  [     39.79,      40.27) | ######################################## 9
  [     40.27,      40.74) |                                          0
  [     40.74,      41.21) | ##########################               6
  [     41.21,      41.68) | ##########################               6

maxCurve
  [     66.70,      67.37) | #############                            3
  [     67.37,      68.04) |                                          0
  [     68.04,      68.72) | #############                            3
  [     68.72,      69.39) | ##########################               6
  [     69.39,      70.06) | #############                            3
  [     70.06,      70.73) | ######################################## 9
  [     70.73,      71.41) | ##########################               6
  [     71.41,      72.08) | ##########################               6

rounds
  [     59.50,      59.62) |                                          0
  [     59.62,      59.75) |                                          0
  [     59.75,      59.88) |                                          0
  [     59.88,      60.00) |                                          0
  [     60.00,      60.12) | ######################################## 36
  [     60.12,      60.25) |                                          0
  [     60.25,      60.38) |                                          0
  [     60.38,      60.50) |                                          0

settlementLegs
  [     76.00,      77.00) | ########                                 3
  [     77.00,      78.00) |                                          0
  [     78.00,      79.00) |                                          0
  [     79.00,      80.00) | ################                         6
  [     80.00,      81.00) | ########                                 3
  [     81.00,      82.00) | ########################                 9
  [     82.00,      83.00) |                                          0
  [     83.00,      84.00) | ######################################## 15

x402Total
  [     -0.50,      -0.38) |                                          0
  [     -0.38,      -0.25) |                                          0
  [     -0.25,      -0.12) |                                          0
  [     -0.12,       0.00) |                                          0
  [      0.00,       0.12) | ######################################## 36
  [      0.12,       0.25) |                                          0
  [      0.25,       0.38) |                                          0
  [      0.38,       0.50) |                                          0

deniedWorkers
  [     -0.50,      -0.38) |                                          0
  [     -0.38,      -0.25) |                                          0
  [     -0.25,      -0.12) |                                          0
  [     -0.12,       0.00) |                                          0
  [      0.00,       0.12) | ######################################## 36
  [      0.12,       0.25) |                                          0
  [      0.25,       0.38) |                                          0
  [      0.38,       0.50) |                                          0

=== Descriptive Statistics — mode=synthetic ===
                count          mean           std           min            5%           25%           50%           75%           95%           max   skew   kurt
seed             36.0  6.584730e+08  8.007833e+08  2.026071e+08  2.026071e+08  2.026071e+08  2.026071e+08  6.584730e+08  2.026071e+09  2.026071e+09  1.206 -0.582
role_pnl         36.0 -4.098421e-01  1.216289e+01 -4.102425e+01 -2.135172e+01 -5.185271e+00  1.747434e+00  7.641571e+00  1.499940e+01  1.944591e+01 -1.114  2.393
wallet_sum_pnl   36.0  2.271331e-15  8.849851e-15 -1.060263e-14 -1.060263e-14 -4.274359e-15  3.108624e-15  6.439294e-15  2.309264e-14  2.309264e-14  0.660  0.692
realizedAbs      36.0  8.321942e+01  2.323857e+01  6.000429e+01  6.000429e+01  6.498485e+01  7.926109e+01  9.255486e+01  1.450325e+02  1.450325e+02  1.503  2.124
minSpot          36.0  4.805271e-02  1.560305e-03  4.546252e-02  4.546252e-02  4.720877e-02  4.788052e-02  4.922718e-02  5.082922e-02  5.082922e-02  0.076 -0.714
maxSpot          36.0  8.425520e-02  4.968479e-03  7.816066e-02  7.816066e-02  8.180143e-02  8.252760e-02  8.616373e-02  9.545309e-02  9.545309e-02  1.031  0.323
minCurve         36.0  4.422917e-02  1.588322e-03  4.150000e-02  4.150000e-02  4.287500e-02  4.450000e-02  4.556250e-02  4.600000e-02  4.600000e-02 -0.436 -1.325
maxCurve         36.0  9.997917e-02  3.004387e-03  9.625000e-02  9.625000e-02  9.787500e-02  9.900000e-02  1.013750e-01  1.060000e-01  1.060000e-01  0.692 -0.560
rounds           36.0  6.000000e+01  0.000000e+00  6.000000e+01  6.000000e+01  6.000000e+01  6.000000e+01  6.000000e+01  6.000000e+01  6.000000e+01  0.000  0.000
settlementLegs   36.0  8.050000e+01  2.131398e+00  7.500000e+01  7.500000e+01  7.975000e+01  8.100000e+01  8.200000e+01  8.300000e+01  8.300000e+01 -1.265  1.723
x402Total        36.0  0.000000e+00  0.000000e+00  0.000000e+00  0.000000e+00  0.000000e+00  0.000000e+00  0.000000e+00  0.000000e+00  0.000000e+00  0.000  0.000
deniedWorkers    36.0  0.000000e+00  0.000000e+00  0.000000e+00  0.000000e+00  0.000000e+00  0.000000e+00  0.000000e+00  0.000000e+00  0.000000e+00  0.000  0.000

=== Histograms — mode=synthetic ===

seed
  [202607081.00, 430540047.38) | ######################################## 27
  [430540047.38, 658473013.75) |                                          0
  [658473013.75, 886405980.12) |                                          0
  [886405980.12, 1114338946.50) |                                          0
  [1114338946.50, 1342271912.88) |                                          0
  [1342271912.88, 1570204879.25) |                                          0
  [1570204879.25, 1798137845.62) |                                          0
  [1798137845.62, 2026070812.00) | #############                            9

role_pnl
  [    -41.02,     -33.47) | ###                                      1
  [    -33.47,     -25.91) |                                          0
  [    -25.91,     -18.35) | ######                                   2
  [    -18.35,     -10.79) | ######                                   2
  [    -10.79,      -3.23) | ##########################               8
  [     -3.23,       4.33) | ######################################## 12
  [      4.33,      11.89) | ####################                     6
  [     11.89,      19.45) | ################                         5

wallet_sum_pnl
  [     -0.00,      -0.00) | ######################################## 9
  [     -0.00,      -0.00) | #############                            3
  [     -0.00,       0.00) | ##########################               6
  [      0.00,       0.00) | ##########################               6
  [      0.00,       0.00) | ######################################## 9
  [      0.00,       0.00) |                                          0
  [      0.00,       0.00) |                                          0
  [      0.00,       0.00) | #############                            3

realizedAbs
  [     60.00,      70.63) | ######################################## 15
  [     70.63,      81.26) | ################                         6
  [     81.26,      91.89) | ################                         6
  [     91.89,     102.52) | ################                         6
  [    102.52,     113.15) |                                          0
  [    113.15,     123.78) |                                          0
  [    123.78,     134.40) |                                          0
  [    134.40,     145.03) | ########                                 3

minSpot
  [      0.05,       0.05) | ##########################               6
  [      0.05,       0.05) |                                          0
  [      0.05,       0.05) | ######################################## 9
  [      0.05,       0.05) | ##########################               6
  [      0.05,       0.05) | #############                            3
  [      0.05,       0.05) | #############                            3
  [      0.05,       0.05) | ##########################               6
  [      0.05,       0.05) | #############                            3

maxSpot
  [      0.08,       0.08) | ####################                     6
  [      0.08,       0.08) | ######################################## 12
  [      0.08,       0.08) | ####################                     6
  [      0.08,       0.09) | ##########                               3
  [      0.09,       0.09) | ##########                               3
  [      0.09,       0.09) |                                          0
  [      0.09,       0.09) | ##########                               3
  [      0.09,       0.10) | ##########                               3

minCurve
  [      0.04,       0.04) | ################                         6
  [      0.04,       0.04) | ########                                 3
  [      0.04,       0.04) | ########                                 3
  [      0.04,       0.04) |                                          0
  [      0.04,       0.04) | ################                         6
  [      0.04,       0.04) |                                          0
  [      0.04,       0.05) | ########                                 3
  [      0.05,       0.05) | ######################################## 15

maxCurve
  [      0.10,       0.10) | ##########################               6
  [      0.10,       0.10) | ######################################## 9
  [      0.10,       0.10) | ##########################               6
  [      0.10,       0.10) | ##########################               6
  [      0.10,       0.10) |                                          0
  [      0.10,       0.10) | #############                            3
  [      0.10,       0.10) | #############                            3
  [      0.10,       0.11) | #############                            3

rounds
  [     59.50,      59.62) |                                          0
  [     59.62,      59.75) |                                          0
  [     59.75,      59.88) |                                          0
  [     59.88,      60.00) |                                          0
  [     60.00,      60.12) | ######################################## 36
  [     60.12,      60.25) |                                          0
  [     60.25,      60.38) |                                          0
  [     60.38,      60.50) |                                          0

settlementLegs
  [     75.00,      76.00) | ##########                               3
  [     76.00,      77.00) |                                          0
  [     77.00,      78.00) |                                          0
  [     78.00,      79.00) |                                          0
  [     79.00,      80.00) | ####################                     6
  [     80.00,      81.00) | ####################                     6
  [     81.00,      82.00) | ##############################           9
  [     82.00,      83.00) | ######################################## 12

x402Total
  [     -0.50,      -0.38) |                                          0
  [     -0.38,      -0.25) |                                          0
  [     -0.25,      -0.12) |                                          0
  [     -0.12,       0.00) |                                          0
  [      0.00,       0.12) | ######################################## 36
  [      0.12,       0.25) |                                          0
  [      0.25,       0.38) |                                          0
  [      0.38,       0.50) |                                          0

deniedWorkers
  [     -0.50,      -0.38) |                                          0
  [     -0.38,      -0.25) |                                          0
  [     -0.25,      -0.12) |                                          0
  [     -0.12,       0.00) |                                          0
  [      0.00,       0.12) | ######################################## 36
  [      0.12,       0.25) |                                          0
  [      0.25,       0.38) |                                          0
  [      0.38,       0.50) |                                          0

=== Descriptive Statistics — mode=x402 ===
                count          mean           std           min            5%           25%           50%           75%           95%           max   skew   kurt
seed             36.0  6.584730e+08  8.007833e+08  2.026071e+08  2.026071e+08  2.026071e+08  2.026071e+08  6.584730e+08  2.026071e+09  2.026071e+09  1.206 -0.582
role_pnl         36.0 -4.098421e-01  1.216289e+01 -4.102425e+01 -2.135172e+01 -5.185271e+00  1.747434e+00  7.641571e+00  1.499940e+01  1.944591e+01 -1.114  2.393
wallet_sum_pnl   36.0  2.271331e-15  8.849851e-15 -1.060263e-14 -1.060263e-14 -4.274359e-15  3.108624e-15  6.439294e-15  2.309264e-14  2.309264e-14  0.660  0.692
realizedAbs      36.0  8.321942e+01  2.323857e+01  6.000429e+01  6.000429e+01  6.498485e+01  7.926109e+01  9.255486e+01  1.450325e+02  1.450325e+02  1.503  2.124
minSpot          36.0  4.805271e-02  1.560305e-03  4.546252e-02  4.546252e-02  4.720877e-02  4.788052e-02  4.922718e-02  5.082922e-02  5.082922e-02  0.076 -0.714
maxSpot          36.0  8.425520e-02  4.968479e-03  7.816066e-02  7.816066e-02  8.180143e-02  8.252760e-02  8.616373e-02  9.545309e-02  9.545309e-02  1.031  0.323
minCurve         36.0  4.422917e-02  1.588322e-03  4.150000e-02  4.150000e-02  4.287500e-02  4.450000e-02  4.556250e-02  4.600000e-02  4.600000e-02 -0.436 -1.325
maxCurve         36.0  9.997917e-02  3.004387e-03  9.625000e-02  9.625000e-02  9.787500e-02  9.900000e-02  1.013750e-01  1.060000e-01  1.060000e-01  0.692 -0.560
rounds           36.0  6.000000e+01  0.000000e+00  6.000000e+01  6.000000e+01  6.000000e+01  6.000000e+01  6.000000e+01  6.000000e+01  6.000000e+01  0.000  0.000
settlementLegs   36.0  8.050000e+01  2.131398e+00  7.500000e+01  7.500000e+01  7.975000e+01  8.100000e+01  8.200000e+01  8.300000e+01  8.300000e+01 -1.265  1.723
x402Total        36.0  3.378102e+02  2.717451e+01  3.010790e+02  3.010790e+02  3.192723e+02  3.353168e+02  3.482451e+02  4.004523e+02  4.004523e+02  0.810  0.425
deniedWorkers    36.0  0.000000e+00  0.000000e+00  0.000000e+00  0.000000e+00  0.000000e+00  0.000000e+00  0.000000e+00  0.000000e+00  0.000000e+00  0.000  0.000

=== Histograms — mode=x402 ===

seed
  [202607081.00, 430540047.38) | ######################################## 27
  [430540047.38, 658473013.75) |                                          0
  [658473013.75, 886405980.12) |                                          0
  [886405980.12, 1114338946.50) |                                          0
  [1114338946.50, 1342271912.88) |                                          0
  [1342271912.88, 1570204879.25) |                                          0
  [1570204879.25, 1798137845.62) |                                          0
  [1798137845.62, 2026070812.00) | #############                            9

role_pnl
  [    -41.02,     -33.47) | ###                                      1
  [    -33.47,     -25.91) |                                          0
  [    -25.91,     -18.35) | ######                                   2
  [    -18.35,     -10.79) | ######                                   2
  [    -10.79,      -3.23) | ##########################               8
  [     -3.23,       4.33) | ######################################## 12
  [      4.33,      11.89) | ####################                     6
  [     11.89,      19.45) | ################                         5

wallet_sum_pnl
  [     -0.00,      -0.00) | ######################################## 9
  [     -0.00,      -0.00) | #############                            3
  [     -0.00,       0.00) | ##########################               6
  [      0.00,       0.00) | ##########################               6
  [      0.00,       0.00) | ######################################## 9
  [      0.00,       0.00) |                                          0
  [      0.00,       0.00) |                                          0
  [      0.00,       0.00) | #############                            3

realizedAbs
  [     60.00,      70.63) | ######################################## 15
  [     70.63,      81.26) | ################                         6
  [     81.26,      91.89) | ################                         6
  [     91.89,     102.52) | ################                         6
  [    102.52,     113.15) |                                          0
  [    113.15,     123.78) |                                          0
  [    123.78,     134.40) |                                          0
  [    134.40,     145.03) | ########                                 3

minSpot
  [      0.05,       0.05) | ##########################               6
  [      0.05,       0.05) |                                          0
  [      0.05,       0.05) | ######################################## 9
  [      0.05,       0.05) | ##########################               6
  [      0.05,       0.05) | #############                            3
  [      0.05,       0.05) | #############                            3
  [      0.05,       0.05) | ##########################               6
  [      0.05,       0.05) | #############                            3

maxSpot
  [      0.08,       0.08) | ####################                     6
  [      0.08,       0.08) | ######################################## 12
  [      0.08,       0.08) | ####################                     6
  [      0.08,       0.09) | ##########                               3
  [      0.09,       0.09) | ##########                               3
  [      0.09,       0.09) |                                          0
  [      0.09,       0.09) | ##########                               3
  [      0.09,       0.10) | ##########                               3

minCurve
  [      0.04,       0.04) | ################                         6
  [      0.04,       0.04) | ########                                 3
  [      0.04,       0.04) | ########                                 3
  [      0.04,       0.04) |                                          0
  [      0.04,       0.04) | ################                         6
  [      0.04,       0.04) |                                          0
  [      0.04,       0.05) | ########                                 3
  [      0.05,       0.05) | ######################################## 15

maxCurve
  [      0.10,       0.10) | ##########################               6
  [      0.10,       0.10) | ######################################## 9
  [      0.10,       0.10) | ##########################               6
  [      0.10,       0.10) | ##########################               6
  [      0.10,       0.10) |                                          0
  [      0.10,       0.10) | #############                            3
  [      0.10,       0.10) | #############                            3
  [      0.10,       0.11) | #############                            3

rounds
  [     59.50,      59.62) |                                          0
  [     59.62,      59.75) |                                          0
  [     59.75,      59.88) |                                          0
  [     59.88,      60.00) |                                          0
  [     60.00,      60.12) | ######################################## 36
  [     60.12,      60.25) |                                          0
  [     60.25,      60.38) |                                          0
  [     60.38,      60.50) |                                          0

settlementLegs
  [     75.00,      76.00) | ##########                               3
  [     76.00,      77.00) |                                          0
  [     77.00,      78.00) |                                          0
  [     78.00,      79.00) |                                          0
  [     79.00,      80.00) | ####################                     6
  [     80.00,      81.00) | ####################                     6
  [     81.00,      82.00) | ##############################           9
  [     82.00,      83.00) | ######################################## 12

x402Total
  [    301.08,     313.50) | ######################################## 9
  [    313.50,     325.92) | #############                            3
  [    325.92,     338.34) | ######################################## 9
  [    338.34,     350.77) | ##########################               6
  [    350.77,     363.19) | #############                            3
  [    363.19,     375.61) | #############                            3
  [    375.61,     388.03) |                                          0
  [    388.03,     400.45) | #############                            3

deniedWorkers
  [     -0.50,      -0.38) |                                          0
  [     -0.38,      -0.25) |                                          0
  [     -0.25,      -0.12) |                                          0
  [     -0.12,       0.00) |                                          0
  [      0.00,       0.12) | ######################################## 36
  [      0.12,       0.25) |                                          0
  [      0.25,       0.38) |                                          0
  [      0.38,       0.50) |                                          0


Stats saved to out/programmatic-eda/compute-futures-2026-07-08/distributions_by_mode.csv
