=== Descriptive Statistics — mode=basket ===
                count          mean           std           min            5%           25%           50%           75%           95%           max   skew   kurt
seed             36.0  6.584704e+08  8.007800e+08  2.026063e+08  2.026063e+08  2.026063e+08  2.026063e+08  6.584704e+08  2.026063e+09  2.026063e+09  1.206 -0.582
role_pnl         36.0 -5.280132e-01  2.918533e+01 -6.353672e+01 -5.491042e+01 -1.939072e+01  4.369057e+00  1.856613e+01  3.913624e+01  4.981820e+01 -0.509 -0.396
wallet_sum_pnl   36.0 -9.830100e-15  3.567115e-14 -4.352074e-14 -4.352074e-14 -3.724798e-14 -2.028933e-14  5.551115e-15  8.215650e-14  8.215650e-14  1.372  1.549
realizedAbs      36.0  1.938697e+02  5.159422e+01  1.083615e+02  1.083615e+02  1.611330e+02  1.864569e+02  2.230224e+02  2.738953e+02  2.738953e+02  0.347 -0.846
minSpot          36.0  1.168791e-01  3.498556e-03  1.096302e-01  1.096302e-01  1.151928e-01  1.174328e-01  1.191840e-01  1.223317e-01  1.223317e-01 -0.555 -0.283
maxSpot          36.0  2.029325e-01  9.290656e-03  1.903276e-01  1.903276e-01  1.954411e-01  2.024143e-01  2.061593e-01  2.227245e-01  2.227245e-01  0.673 -0.219
minCurve         36.0  1.076667e-01  2.184360e-03  1.035000e-01  1.035000e-01  1.062500e-01  1.075000e-01  1.095000e-01  1.105000e-01  1.105000e-01 -0.278 -0.987
maxCurve         36.0  2.369167e-01  7.215559e-03  2.240000e-01  2.240000e-01  2.317500e-01  2.380000e-01  2.420000e-01  2.470000e-01  2.470000e-01 -0.384 -0.895
rounds           36.0  6.000000e+01  0.000000e+00  6.000000e+01  6.000000e+01  6.000000e+01  6.000000e+01  6.000000e+01  6.000000e+01  6.000000e+01  0.000  0.000
settlementLegs   36.0  8.000000e+01  1.492840e+00  7.800000e+01  7.800000e+01  7.875000e+01  8.050000e+01  8.100000e+01  8.200000e+01  8.200000e+01 -0.164 -1.513
x402Total        36.0  0.000000e+00  0.000000e+00  0.000000e+00  0.000000e+00  0.000000e+00  0.000000e+00  0.000000e+00  0.000000e+00  0.000000e+00  0.000  0.000
deniedWorkers    36.0  0.000000e+00  0.000000e+00  0.000000e+00  0.000000e+00  0.000000e+00  0.000000e+00  0.000000e+00  0.000000e+00  0.000000e+00  0.000  0.000

=== Histograms — mode=basket ===

seed
  [202606261.00, 430538304.88) | ######################################## 27
  [430538304.88, 658470348.75) |                                          0
  [658470348.75, 886402392.62) |                                          0
  [886402392.62, 1114334436.50) |                                          0
  [1114334436.50, 1342266480.38) |                                          0
  [1342266480.38, 1570198524.25) |                                          0
  [1570198524.25, 1798130568.12) |                                          0
  [1798130568.12, 2026062612.00) | #############                            9

role_pnl
  [    -63.54,     -49.37) | ############                             3
  [    -49.37,     -35.20) | ########                                 2
  [    -35.20,     -21.03) | ############                             3
  [    -21.03,      -6.86) | ########################                 6
  [     -6.86,       7.31) | ####################                     5
  [      7.31,      21.48) | ######################################## 10
  [     21.48,      35.65) | ############                             3
  [     35.65,      49.82) | ################                         4

wallet_sum_pnl
  [     -0.00,      -0.00) | ######################################## 18
  [     -0.00,      -0.00) |                                          0
  [     -0.00,       0.00) | ####################                     9
  [      0.00,       0.00) | ######                                   3
  [      0.00,       0.00) | ######                                   3
  [      0.00,       0.00) |                                          0
  [      0.00,       0.00) |                                          0
  [      0.00,       0.00) | ######                                   3

realizedAbs
  [    108.36,     129.05) | #############                            3
  [    129.05,     149.74) | #############                            3
  [    149.74,     170.44) | ######################################## 9
  [    170.44,     191.13) | #############                            3
  [    191.13,     211.82) | ######################################## 9
  [    211.82,     232.51) |                                          0
  [    232.51,     253.20) |                                          0
  [    253.20,     273.90) | ######################################## 9

minSpot
  [      0.11,       0.11) | #############                            3
  [      0.11,       0.11) | #############                            3
  [      0.11,       0.11) | #############                            3
  [      0.11,       0.12) | #############                            3
  [      0.12,       0.12) | ##########################               6
  [      0.12,       0.12) | ######################################## 9
  [      0.12,       0.12) | ##########################               6
  [      0.12,       0.12) | #############                            3

maxSpot
  [      0.19,       0.19) | ##########################               6
  [      0.19,       0.20) | ##########################               6
  [      0.20,       0.20) | ##########################               6
  [      0.20,       0.21) | ######################################## 9
  [      0.21,       0.21) |                                          0
  [      0.21,       0.21) | #############                            3
  [      0.21,       0.22) | #############                            3
  [      0.22,       0.22) | #############                            3

minCurve
  [      0.10,       0.10) | #############                            3
  [      0.10,       0.11) |                                          0
  [      0.11,       0.11) | ##########################               6
  [      0.11,       0.11) | ##########################               6
  [      0.11,       0.11) | ##########################               6
  [      0.11,       0.11) |                                          0
  [      0.11,       0.11) | ######################################## 9
  [      0.11,       0.11) | ##########################               6

maxCurve
  [      0.22,       0.23) | ######################################## 6
  [      0.23,       0.23) |                                          0
  [      0.23,       0.23) | ######################################## 6
  [      0.23,       0.24) |                                          0
  [      0.24,       0.24) | ######################################## 6
  [      0.24,       0.24) | ######################################## 6
  [      0.24,       0.24) | ######################################## 6
  [      0.24,       0.25) | ######################################## 6

rounds
  [     59.50,      59.62) |                                          0
  [     59.62,      59.75) |                                          0
  [     59.75,      59.88) |                                          0
  [     59.88,      60.00) |                                          0
  [     60.00,      60.12) | ######################################## 36
  [     60.12,      60.25) |                                          0
  [     60.25,      60.38) |                                          0
  [     60.38,      60.50) |                                          0

settlementLegs
  [     78.00,      78.50) | ##############################           9
  [     78.50,      79.00) |                                          0
  [     79.00,      79.50) | ####################                     6
  [     79.50,      80.00) |                                          0
  [     80.00,      80.50) | ##########                               3
  [     80.50,      81.00) |                                          0
  [     81.00,      81.50) | ######################################## 12
  [     81.50,      82.00) | ####################                     6

x402Total
  [     -0.50,      -0.38) |                                          0
  [     -0.38,      -0.25) |                                          0
  [     -0.25,      -0.12) |                                          0
  [     -0.12,       0.00) |                                          0
  [      0.00,       0.12) | ######################################## 36
  [      0.12,       0.25) |                                          0
  [      0.25,       0.38) |                                          0
  [      0.38,       0.50) |                                          0

deniedWorkers
  [     -0.50,      -0.38) |                                          0
  [     -0.38,      -0.25) |                                          0
  [     -0.25,      -0.12) |                                          0
  [     -0.12,       0.00) |                                          0
  [      0.00,       0.12) | ######################################## 36
  [      0.12,       0.25) |                                          0
  [      0.25,       0.38) |                                          0
  [      0.38,       0.50) |                                          0

=== Descriptive Statistics — mode=spread ===
                count          mean           std           min            5%           25%           50%           75%           95%           max   skew   kurt
seed             36.0  6.584704e+08  8.007800e+08  2.026063e+08  2.026063e+08  2.026063e+08  2.026063e+08  6.584704e+08  2.026063e+09  2.026063e+09  1.206 -0.582
role_pnl         36.0 -6.738188e+02  9.874191e+03 -2.466592e+04 -1.683808e+04 -6.083792e+03  1.899315e+03  6.272573e+03  1.101791e+04  1.829063e+04 -0.530 -0.327
wallet_sum_pnl   36.0 -2.387424e-12  5.685641e-12 -1.205080e-11 -1.205080e-11 -8.412826e-12 -5.684342e-13  1.591616e-12  5.911716e-12  5.911716e-12 -0.393 -1.202
realizedAbs      36.0  5.185973e+04  8.083497e+03  3.610988e+04  3.610988e+04  4.694357e+04  5.089730e+04  5.977692e+04  6.292138e+04  6.292138e+04 -0.176 -0.791
minSpot          36.0  4.273410e+01  1.874415e+00  3.992689e+01  3.992689e+01  4.139682e+01  4.266835e+01  4.366616e+01  4.690428e+01  4.690428e+01  0.580  0.128
maxSpot          36.0  6.570578e+01  2.275367e+00  6.188601e+01  6.188601e+01  6.425955e+01  6.552157e+01  6.732424e+01  6.914819e+01  6.914819e+01  0.039 -1.012
minCurve         36.0  3.964129e+01  9.495094e-01  3.812250e+01  3.812250e+01  3.928125e+01  3.947300e+01  3.975350e+01  4.185350e+01  4.185350e+01  0.922  0.891
maxCurve         36.0  7.011346e+01  1.835901e+00  6.702150e+01  6.702150e+01  6.910613e+01  7.030400e+01  7.098275e+01  7.395400e+01  7.395400e+01  0.130  0.147
rounds           36.0  6.000000e+01  0.000000e+00  6.000000e+01  6.000000e+01  6.000000e+01  6.000000e+01  6.000000e+01  6.000000e+01  6.000000e+01  0.000  0.000
settlementLegs   36.0  7.908333e+01  2.089087e+00  7.600000e+01  7.600000e+01  7.775000e+01  7.850000e+01  8.025000e+01  8.300000e+01  8.300000e+01  0.421 -0.846
x402Total        36.0  0.000000e+00  0.000000e+00  0.000000e+00  0.000000e+00  0.000000e+00  0.000000e+00  0.000000e+00  0.000000e+00  0.000000e+00  0.000  0.000
deniedWorkers    36.0  0.000000e+00  0.000000e+00  0.000000e+00  0.000000e+00  0.000000e+00  0.000000e+00  0.000000e+00  0.000000e+00  0.000000e+00  0.000  0.000

=== Histograms — mode=spread ===

seed
  [202606261.00, 430538304.88) | ######################################## 27
  [430538304.88, 658470348.75) |                                          0
  [658470348.75, 886402392.62) |                                          0
  [886402392.62, 1114334436.50) |                                          0
  [1114334436.50, 1342266480.38) |                                          0
  [1342266480.38, 1570198524.25) |                                          0
  [1570198524.25, 1798130568.12) |                                          0
  [1798130568.12, 2026062612.00) | #############                            9

role_pnl
  [ -24665.92,  -19296.35) | ####                                     1
  [ -19296.35,  -13926.78) | ################                         4
  [ -13926.78,   -8557.21) | ############                             3
  [  -8557.21,   -3187.65) | ########################                 6
  [  -3187.65,    2181.92) | ################                         4
  [   2181.92,    7551.49) | ######################################## 10
  [   7551.49,   12921.06) | ############################             7
  [  12921.06,   18290.63) | ####                                     1

wallet_sum_pnl
  [     -0.00,      -0.00) | #############                            3
  [     -0.00,      -0.00) | ######################################## 9
  [     -0.00,      -0.00) |                                          0
  [     -0.00,      -0.00) |                                          0
  [     -0.00,      -0.00) | ##########################               6
  [     -0.00,       0.00) | ######################################## 9
  [      0.00,       0.00) | ##########################               6
  [      0.00,       0.00) | #############                            3

realizedAbs
  [  36109.88,   39461.32) | ##########                               3
  [  39461.32,   42812.75) |                                          0
  [  42812.75,   46164.19) | ##########                               3
  [  46164.19,   49515.63) | ######################################## 12
  [  49515.63,   52867.07) |                                          0
  [  52867.07,   56218.50) | ####################                     6
  [  56218.50,   59569.94) | ##########                               3
  [  59569.94,   62921.38) | ##############################           9

minSpot
  [     39.93,      40.80) | ######################################## 6
  [     40.80,      41.67) | ######################################## 6
  [     41.67,      42.54) | ######################################## 6
  [     42.54,      43.42) | ######################################## 6
  [     43.42,      44.29) | ######################################## 6
  [     44.29,      45.16) | ####################                     3
  [     45.16,      46.03) |                                          0
  [     46.03,      46.90) | ####################                     3

maxSpot
  [     61.89,      62.79) | ##########################               6
  [     62.79,      63.70) |                                          0
  [     63.70,      64.61) | ######################################## 9
  [     64.61,      65.52) | #############                            3
  [     65.52,      66.42) | ##########################               6
  [     66.42,      67.33) | #############                            3
  [     67.33,      68.24) |                                          0
  [     68.24,      69.15) | ######################################## 9

minCurve
  [     38.12,      38.59) | ########                                 3
  [     38.59,      39.06) | ########                                 3
  [     39.06,      39.52) | ######################################## 15
  [     39.52,      39.99) | ################                         6
  [     39.99,      40.45) | ########                                 3
  [     40.45,      40.92) |                                          0
  [     40.92,      41.39) | ########                                 3
  [     41.39,      41.85) | ########                                 3

maxCurve
  [     67.02,      67.89) | ####################                     6
  [     67.89,      68.75) |                                          0
  [     68.75,      69.62) | ####################                     6
  [     69.62,      70.49) | ####################                     6
  [     70.49,      71.35) | ######################################## 12
  [     71.35,      72.22) | ##########                               3
  [     72.22,      73.09) |                                          0
  [     73.09,      73.95) | ##########                               3

rounds
  [     59.50,      59.62) |                                          0
  [     59.62,      59.75) |                                          0
  [     59.75,      59.88) |                                          0
  [     59.88,      60.00) |                                          0
  [     60.00,      60.12) | ######################################## 36
  [     60.12,      60.25) |                                          0
  [     60.25,      60.38) |                                          0
  [     60.38,      60.50) |                                          0

settlementLegs
  [     76.00,      76.88) | #############                            3
  [     76.88,      77.75) | ##########################               6
  [     77.75,      78.62) | ######################################## 9
  [     78.62,      79.50) | #############                            3
  [     79.50,      80.38) | ##########################               6
  [     80.38,      81.25) | #############                            3
  [     81.25,      82.12) | #############                            3
  [     82.12,      83.00) | #############                            3

x402Total
  [     -0.50,      -0.38) |                                          0
  [     -0.38,      -0.25) |                                          0
  [     -0.25,      -0.12) |                                          0
  [     -0.12,       0.00) |                                          0
  [      0.00,       0.12) | ######################################## 36
  [      0.12,       0.25) |                                          0
  [      0.25,       0.38) |                                          0
  [      0.38,       0.50) |                                          0

deniedWorkers
  [     -0.50,      -0.38) |                                          0
  [     -0.38,      -0.25) |                                          0
  [     -0.25,      -0.12) |                                          0
  [     -0.12,       0.00) |                                          0
  [      0.00,       0.12) | ######################################## 36
  [      0.12,       0.25) |                                          0
  [      0.25,       0.38) |                                          0
  [      0.38,       0.50) |                                          0

=== Descriptive Statistics — mode=synthetic ===
                count          mean           std           min            5%           25%           50%           75%           95%           max   skew   kurt
seed             36.0  6.584704e+08  8.007800e+08  2.026063e+08  2.026063e+08  2.026063e+08  2.026063e+08  6.584704e+08  2.026063e+09  2.026063e+09  1.206 -0.582
role_pnl         36.0 -3.057211e-01  1.040087e+01 -2.435032e+01 -1.967418e+01 -6.132111e+00  1.086969e+00  6.720560e+00  1.394495e+01  1.679879e+01 -0.595 -0.199
wallet_sum_pnl   36.0  5.088522e-15  1.661383e-14 -2.975398e-14 -2.975398e-14 -2.636780e-15  1.554312e-15  1.548761e-14  3.808065e-14  3.808065e-14  0.036  0.539
realizedAbs      36.0  7.772995e+01  2.039201e+01  4.432732e+01  4.432732e+01  6.663766e+01  7.360898e+01  9.186913e+01  1.076663e+02  1.076663e+02  0.202 -0.981
minSpot          36.0  4.869961e-02  1.457732e-03  4.567925e-02  4.567925e-02  4.799702e-02  4.893035e-02  4.966001e-02  5.097153e-02  5.097153e-02 -0.555 -0.283
maxSpot          36.0  8.455522e-02  3.871107e-03  7.930317e-02  7.930317e-02  8.143379e-02  8.433930e-02  8.589972e-02  9.280188e-02  9.280188e-02  0.673 -0.219
minCurve         36.0  4.512500e-02  9.737630e-04  4.350000e-02  4.350000e-02  4.450000e-02  4.500000e-02  4.600000e-02  4.650000e-02  4.650000e-02 -0.373 -0.993
maxCurve         36.0  9.891667e-02  2.933793e-03  9.350000e-02  9.350000e-02  9.687500e-02  9.950000e-02  1.012500e-01  1.025000e-01  1.025000e-01 -0.479 -0.898
rounds           36.0  6.000000e+01  0.000000e+00  6.000000e+01  6.000000e+01  6.000000e+01  6.000000e+01  6.000000e+01  6.000000e+01  6.000000e+01  0.000  0.000
settlementLegs   36.0  8.041667e+01  1.627882e+00  7.800000e+01  7.800000e+01  7.900000e+01  8.050000e+01  8.200000e+01  8.300000e+01  8.300000e+01 -0.095 -1.247
x402Total        36.0  0.000000e+00  0.000000e+00  0.000000e+00  0.000000e+00  0.000000e+00  0.000000e+00  0.000000e+00  0.000000e+00  0.000000e+00  0.000  0.000
deniedWorkers    36.0  0.000000e+00  0.000000e+00  0.000000e+00  0.000000e+00  0.000000e+00  0.000000e+00  0.000000e+00  0.000000e+00  0.000000e+00  0.000  0.000

=== Histograms — mode=synthetic ===

seed
  [202606261.00, 430538304.88) | ######################################## 27
  [430538304.88, 658470348.75) |                                          0
  [658470348.75, 886402392.62) |                                          0
  [886402392.62, 1114334436.50) |                                          0
  [1114334436.50, 1342266480.38) |                                          0
  [1342266480.38, 1570198524.25) |                                          0
  [1570198524.25, 1798130568.12) |                                          0
  [1798130568.12, 2026062612.00) | #############                            9

role_pnl
  [    -24.35,     -19.21) | ###########                              2
  [    -19.21,     -14.06) | ###########                              2
  [    -14.06,      -8.92) | ###########                              2
  [     -8.92,      -3.78) | ######################################## 7
  [     -3.78,       1.37) | ##################################       6
  [      1.37,       6.51) | ######################################## 7
  [      6.51,      11.66) | ##################################       6
  [     11.66,      16.80) | ######################                   4

wallet_sum_pnl
  [     -0.00,      -0.00) | ######                                   3
  [     -0.00,      -0.00) |                                          0
  [     -0.00,      -0.00) | ######                                   3
  [     -0.00,       0.00) | ######################################## 18
  [      0.00,       0.00) |                                          0
  [      0.00,       0.00) | #############                            6
  [      0.00,       0.00) | ######                                   3
  [      0.00,       0.00) | ######                                   3

realizedAbs
  [     44.33,      52.24) | ##########                               3
  [     52.24,      60.16) | ####################                     6
  [     60.16,      68.08) |                                          0
  [     68.08,      76.00) | ######################################## 12
  [     76.00,      83.91) | ##########                               3
  [     83.91,      91.83) | ##########                               3
  [     91.83,      99.75) |                                          0
  [     99.75,     107.67) | ##############################           9

minSpot
  [      0.05,       0.05) | #############                            3
  [      0.05,       0.05) | #############                            3
  [      0.05,       0.05) | #############                            3
  [      0.05,       0.05) | #############                            3
  [      0.05,       0.05) | ##########################               6
  [      0.05,       0.05) | ######################################## 9
  [      0.05,       0.05) | ##########################               6
  [      0.05,       0.05) | #############                            3

maxSpot
  [      0.08,       0.08) | ##########################               6
  [      0.08,       0.08) | ##########################               6
  [      0.08,       0.08) | ##########################               6
  [      0.08,       0.09) | ######################################## 9
  [      0.09,       0.09) |                                          0
  [      0.09,       0.09) | #############                            3
  [      0.09,       0.09) | #############                            3
  [      0.09,       0.09) | #############                            3

minCurve
  [      0.04,       0.04) | ####################                     6
  [      0.04,       0.04) |                                          0
  [      0.04,       0.04) | ####################                     6
  [      0.04,       0.04) |                                          0
  [      0.04,       0.05) | ##############################           9
  [      0.05,       0.05) |                                          0
  [      0.05,       0.05) | ######################################## 12
  [      0.05,       0.05) | ##########                               3

maxCurve
  [      0.09,       0.09) | ##########################               6
  [      0.09,       0.10) |                                          0
  [      0.10,       0.10) | #############                            3
  [      0.10,       0.10) | #############                            3
  [      0.10,       0.10) | ##########################               6
  [      0.10,       0.10) | ##########################               6
  [      0.10,       0.10) | #############                            3
  [      0.10,       0.10) | ######################################## 9

rounds
  [     59.50,      59.62) |                                          0
  [     59.62,      59.75) |                                          0
  [     59.75,      59.88) |                                          0
  [     59.88,      60.00) |                                          0
  [     60.00,      60.12) | ######################################## 36
  [     60.12,      60.25) |                                          0
  [     60.25,      60.38) |                                          0
  [     60.38,      60.50) |                                          0

settlementLegs
  [     78.00,      78.62) | ##########################               6
  [     78.62,      79.25) | ##########################               6
  [     79.25,      79.88) |                                          0
  [     79.88,      80.50) | ##########################               6
  [     80.50,      81.12) | ##########################               6
  [     81.12,      81.75) |                                          0
  [     81.75,      82.38) | ######################################## 9
  [     82.38,      83.00) | #############                            3

x402Total
  [     -0.50,      -0.38) |                                          0
  [     -0.38,      -0.25) |                                          0
  [     -0.25,      -0.12) |                                          0
  [     -0.12,       0.00) |                                          0
  [      0.00,       0.12) | ######################################## 36
  [      0.12,       0.25) |                                          0
  [      0.25,       0.38) |                                          0
  [      0.38,       0.50) |                                          0

deniedWorkers
  [     -0.50,      -0.38) |                                          0
  [     -0.38,      -0.25) |                                          0
  [     -0.25,      -0.12) |                                          0
  [     -0.12,       0.00) |                                          0
  [      0.00,       0.12) | ######################################## 36
  [      0.12,       0.25) |                                          0
  [      0.25,       0.38) |                                          0
  [      0.38,       0.50) |                                          0

=== Descriptive Statistics — mode=x402 ===
                count          mean           std           min            5%           25%           50%           75%           95%           max   skew   kurt
seed             36.0  6.584704e+08  8.007800e+08  2.026063e+08  2.026063e+08  2.026063e+08  2.026063e+08  6.584704e+08  2.026063e+09  2.026063e+09  1.206 -0.582
role_pnl         36.0 -3.057211e-01  1.040087e+01 -2.435032e+01 -1.967418e+01 -6.132111e+00  1.086969e+00  6.720560e+00  1.394495e+01  1.679879e+01 -0.595 -0.199
wallet_sum_pnl   36.0  5.088522e-15  1.661383e-14 -2.975398e-14 -2.975398e-14 -2.636780e-15  1.554312e-15  1.548761e-14  3.808065e-14  3.808065e-14  0.036  0.539
realizedAbs      36.0  7.772995e+01  2.039201e+01  4.432732e+01  4.432732e+01  6.663766e+01  7.360898e+01  9.186913e+01  1.076663e+02  1.076663e+02  0.202 -0.981
minSpot          36.0  4.869961e-02  1.457732e-03  4.567925e-02  4.567925e-02  4.799702e-02  4.893035e-02  4.966001e-02  5.097153e-02  5.097153e-02 -0.555 -0.283
maxSpot          36.0  8.455522e-02  3.871107e-03  7.930317e-02  7.930317e-02  8.143379e-02  8.433930e-02  8.589972e-02  9.280188e-02  9.280188e-02  0.673 -0.219
minCurve         36.0  4.512500e-02  9.737630e-04  4.350000e-02  4.350000e-02  4.450000e-02  4.500000e-02  4.600000e-02  4.650000e-02  4.650000e-02 -0.373 -0.993
maxCurve         36.0  9.891667e-02  2.933793e-03  9.350000e-02  9.350000e-02  9.687500e-02  9.950000e-02  1.012500e-01  1.025000e-01  1.025000e-01 -0.479 -0.898
rounds           36.0  6.000000e+01  0.000000e+00  6.000000e+01  6.000000e+01  6.000000e+01  6.000000e+01  6.000000e+01  6.000000e+01  6.000000e+01  0.000  0.000
settlementLegs   36.0  8.041667e+01  1.627882e+00  7.800000e+01  7.800000e+01  7.900000e+01  8.050000e+01  8.200000e+01  8.300000e+01  8.300000e+01 -0.095 -1.247
x402Total        36.0  3.286377e+02  2.398597e+01  2.778461e+02  2.778461e+02  3.163475e+02  3.305986e+02  3.459709e+02  3.659458e+02  3.659458e+02 -0.566 -0.194
deniedWorkers    36.0  0.000000e+00  0.000000e+00  0.000000e+00  0.000000e+00  0.000000e+00  0.000000e+00  0.000000e+00  0.000000e+00  0.000000e+00  0.000  0.000

=== Histograms — mode=x402 ===

seed
  [202606261.00, 430538304.88) | ######################################## 27
  [430538304.88, 658470348.75) |                                          0
  [658470348.75, 886402392.62) |                                          0
  [886402392.62, 1114334436.50) |                                          0
  [1114334436.50, 1342266480.38) |                                          0
  [1342266480.38, 1570198524.25) |                                          0
  [1570198524.25, 1798130568.12) |                                          0
  [1798130568.12, 2026062612.00) | #############                            9

role_pnl
  [    -24.35,     -19.21) | ###########                              2
  [    -19.21,     -14.06) | ###########                              2
  [    -14.06,      -8.92) | ###########                              2
  [     -8.92,      -3.78) | ######################################## 7
  [     -3.78,       1.37) | ##################################       6
  [      1.37,       6.51) | ######################################## 7
  [      6.51,      11.66) | ##################################       6
  [     11.66,      16.80) | ######################                   4

wallet_sum_pnl
  [     -0.00,      -0.00) | ######                                   3
  [     -0.00,      -0.00) |                                          0
  [     -0.00,      -0.00) | ######                                   3
  [     -0.00,       0.00) | ######################################## 18
  [      0.00,       0.00) |                                          0
  [      0.00,       0.00) | #############                            6
  [      0.00,       0.00) | ######                                   3
  [      0.00,       0.00) | ######                                   3

realizedAbs
  [     44.33,      52.24) | ##########                               3
  [     52.24,      60.16) | ####################                     6
  [     60.16,      68.08) |                                          0
  [     68.08,      76.00) | ######################################## 12
  [     76.00,      83.91) | ##########                               3
  [     83.91,      91.83) | ##########                               3
  [     91.83,      99.75) |                                          0
  [     99.75,     107.67) | ##############################           9

minSpot
  [      0.05,       0.05) | #############                            3
  [      0.05,       0.05) | #############                            3
  [      0.05,       0.05) | #############                            3
  [      0.05,       0.05) | #############                            3
  [      0.05,       0.05) | ##########################               6
  [      0.05,       0.05) | ######################################## 9
  [      0.05,       0.05) | ##########################               6
  [      0.05,       0.05) | #############                            3

maxSpot
  [      0.08,       0.08) | ##########################               6
  [      0.08,       0.08) | ##########################               6
  [      0.08,       0.08) | ##########################               6
  [      0.08,       0.09) | ######################################## 9
  [      0.09,       0.09) |                                          0
  [      0.09,       0.09) | #############                            3
  [      0.09,       0.09) | #############                            3
  [      0.09,       0.09) | #############                            3

minCurve
  [      0.04,       0.04) | ####################                     6
  [      0.04,       0.04) |                                          0
  [      0.04,       0.04) | ####################                     6
  [      0.04,       0.04) |                                          0
  [      0.04,       0.05) | ##############################           9
  [      0.05,       0.05) |                                          0
  [      0.05,       0.05) | ######################################## 12
  [      0.05,       0.05) | ##########                               3

maxCurve
  [      0.09,       0.09) | ##########################               6
  [      0.09,       0.10) |                                          0
  [      0.10,       0.10) | #############                            3
  [      0.10,       0.10) | #############                            3
  [      0.10,       0.10) | ##########################               6
  [      0.10,       0.10) | ##########################               6
  [      0.10,       0.10) | #############                            3
  [      0.10,       0.10) | ######################################## 9

rounds
  [     59.50,      59.62) |                                          0
  [     59.62,      59.75) |                                          0
  [     59.75,      59.88) |                                          0
  [     59.88,      60.00) |                                          0
  [     60.00,      60.12) | ######################################## 36
  [     60.12,      60.25) |                                          0
  [     60.25,      60.38) |                                          0
  [     60.38,      60.50) |                                          0

settlementLegs
  [     78.00,      78.62) | ##########################               6
  [     78.62,      79.25) | ##########################               6
  [     79.25,      79.88) |                                          0
  [     79.88,      80.50) | ##########################               6
  [     80.50,      81.12) | ##########################               6
  [     81.12,      81.75) |                                          0
  [     81.75,      82.38) | ######################################## 9
  [     82.38,      83.00) | #############                            3

x402Total
  [    277.85,     288.86) | #############                            3
  [    288.86,     299.87) |                                          0
  [    299.87,     310.88) | ##########################               6
  [    310.88,     321.90) | #############                            3
  [    321.90,     332.91) | ######################################## 9
  [    332.91,     343.92) | #############                            3
  [    343.92,     354.93) | ######################################## 9
  [    354.93,     365.95) | #############                            3

deniedWorkers
  [     -0.50,      -0.38) |                                          0
  [     -0.38,      -0.25) |                                          0
  [     -0.25,      -0.12) |                                          0
  [     -0.12,       0.00) |                                          0
  [      0.00,       0.12) | ######################################## 36
  [      0.12,       0.25) |                                          0
  [      0.25,       0.38) |                                          0
  [      0.38,       0.50) |                                          0


Stats saved to out/programmatic-eda/compute-futures-2026-06-26/distributions_by_mode.csv
