=== Descriptive Statistics — mode=basket ===
                count          mean           std           min            5%           25%           50%           75%           95%           max   skew   kurt
seed             36.0  6.584761e+08  8.007870e+08  2.026080e+08  2.026080e+08  2.026080e+08  2.026080e+08  6.584761e+08  2.026080e+09  2.026080e+09  1.206 -0.582
role_pnl         36.0 -1.780714e-01  3.016668e+01 -8.647539e+01 -5.491863e+01 -5.936967e+00  3.125146e+00  1.767762e+01  3.813846e+01  5.957394e+01 -0.906  1.292
wallet_sum_pnl   36.0 -5.939693e-15  2.741290e-14 -6.750156e-14 -6.750156e-14 -1.243450e-14 -9.214851e-15  1.598721e-14  4.085621e-14  4.085621e-14 -0.544  0.519
realizedAbs      36.0  1.767271e+02  2.760023e+01  1.299317e+02  1.299317e+02  1.600096e+02  1.781938e+02  1.936000e+02  2.278809e+02  2.278809e+02  0.030 -0.569
minSpot          36.0  1.198199e-01  4.023287e-03  1.128953e-01  1.128953e-01  1.183082e-01  1.206330e-01  1.222879e-01  1.258850e-01  1.258850e-01 -0.574 -0.714
maxSpot          36.0  2.127253e-01  6.061449e-03  2.035688e-01  2.035688e-01  2.085983e-01  2.129249e-01  2.142967e-01  2.245261e-01  2.245261e-01  0.419 -0.255
minCurve         36.0  1.111458e-01  3.458620e-03  1.045000e-01  1.045000e-01  1.097500e-01  1.110000e-01  1.140000e-01  1.165000e-01  1.165000e-01 -0.400 -0.535
maxCurve         36.0  2.463750e-01  6.730925e-03  2.320000e-01  2.320000e-01  2.421250e-01  2.475000e-01  2.507500e-01  2.565000e-01  2.565000e-01 -0.532 -0.171
rounds           36.0  6.000000e+01  0.000000e+00  6.000000e+01  6.000000e+01  6.000000e+01  6.000000e+01  6.000000e+01  6.000000e+01  6.000000e+01  0.000  0.000
settlementLegs   36.0  7.883333e+01  2.261479e+00  7.400000e+01  7.400000e+01  7.700000e+01  8.000000e+01  8.000000e+01  8.200000e+01  8.200000e+01 -0.770 -0.301
x402Total        36.0  0.000000e+00  0.000000e+00  0.000000e+00  0.000000e+00  0.000000e+00  0.000000e+00  0.000000e+00  0.000000e+00  0.000000e+00  0.000  0.000
deniedWorkers    36.0  0.000000e+00  0.000000e+00  0.000000e+00  0.000000e+00  0.000000e+00  0.000000e+00  0.000000e+00  0.000000e+00  0.000000e+00  0.000  0.000

=== Histograms — mode=basket ===

seed
  [202608031.00, 430542066.12) | ######################################## 27
  [430542066.12, 658476101.25) |                                          0
  [658476101.25, 886410136.38) |                                          0
  [886410136.38, 1114344171.50) |                                          0
  [1114344171.50, 1342278206.62) |                                          0
  [1342278206.62, 1570212241.75) |                                          0
  [1570212241.75, 1798146276.88) |                                          0
  [1798146276.88, 2026080312.00) | #############                            9

role_pnl
  [    -86.48,     -68.22) | ###                                      1
  [    -68.22,     -49.96) | ######                                   2
  [    -49.96,     -31.71) | #########                                3
  [    -31.71,     -13.45) | ###                                      1
  [    -13.45,       4.81) | ######################################## 13
  [      4.81,      23.06) | ########################                 8
  [     23.06,      41.32) | #####################                    7
  [     41.32,      59.57) | ###                                      1

wallet_sum_pnl
  [     -0.00,      -0.00) | ######                                   3
  [     -0.00,      -0.00) |                                          0
  [     -0.00,      -0.00) | ######                                   3
  [     -0.00,      -0.00) |                                          0
  [     -0.00,       0.00) | ######################################## 18
  [      0.00,       0.00) |                                          0
  [      0.00,       0.00) | ####################                     9
  [      0.00,       0.00) | ######                                   3

realizedAbs
  [    129.93,     142.18) | ##########################               6
  [    142.18,     154.42) |                                          0
  [    154.42,     166.66) | ######################################## 9
  [    166.66,     178.91) | #############                            3
  [    178.91,     191.15) | ##########################               6
  [    191.15,     203.39) | ##########################               6
  [    203.39,     215.64) | #############                            3
  [    215.64,     227.88) | #############                            3

minSpot
  [      0.11,       0.11) | ##########################               6
  [      0.11,       0.12) | #############                            3
  [      0.12,       0.12) |                                          0
  [      0.12,       0.12) |                                          0
  [      0.12,       0.12) | ######################################## 9
  [      0.12,       0.12) | ######################################## 9
  [      0.12,       0.12) | ##########################               6
  [      0.12,       0.13) | #############                            3

maxSpot
  [      0.20,       0.21) | ################                         6
  [      0.21,       0.21) | ################                         6
  [      0.21,       0.21) |                                          0
  [      0.21,       0.21) | ######################################## 15
  [      0.21,       0.22) | ########                                 3
  [      0.22,       0.22) |                                          0
  [      0.22,       0.22) |                                          0
  [      0.22,       0.22) | ################                         6

minCurve
  [      0.10,       0.11) | #############                            3
  [      0.11,       0.11) | #############                            3
  [      0.11,       0.11) |                                          0
  [      0.11,       0.11) | ######################################## 9
  [      0.11,       0.11) | ##########################               6
  [      0.11,       0.11) | #############                            3
  [      0.11,       0.12) | ##########################               6
  [      0.12,       0.12) | ##########################               6

maxCurve
  [      0.23,       0.24) | ####################                     3
  [      0.24,       0.24) |                                          0
  [      0.24,       0.24) | ######################################## 6
  [      0.24,       0.24) | ####################                     3
  [      0.24,       0.25) | ######################################## 6
  [      0.25,       0.25) | ######################################## 6
  [      0.25,       0.25) | ######################################## 6
  [      0.25,       0.26) | ######################################## 6

rounds
  [     59.50,      59.62) |                                          0
  [     59.62,      59.75) |                                          0
  [     59.75,      59.88) |                                          0
  [     59.88,      60.00) |                                          0
  [     60.00,      60.12) | ######################################## 36
  [     60.12,      60.25) |                                          0
  [     60.25,      60.38) |                                          0
  [     60.38,      60.50) |                                          0

settlementLegs
  [     74.00,      75.00) | ########                                 3
  [     75.00,      76.00) |                                          0
  [     76.00,      77.00) | ########                                 3
  [     77.00,      78.00) | ################                         6
  [     78.00,      79.00) |                                          0
  [     79.00,      80.00) | ########                                 3
  [     80.00,      81.00) | ######################################## 15
  [     81.00,      82.00) | ################                         6

x402Total
  [     -0.50,      -0.38) |                                          0
  [     -0.38,      -0.25) |                                          0
  [     -0.25,      -0.12) |                                          0
  [     -0.12,       0.00) |                                          0
  [      0.00,       0.12) | ######################################## 36
  [      0.12,       0.25) |                                          0
  [      0.25,       0.38) |                                          0
  [      0.38,       0.50) |                                          0

deniedWorkers
  [     -0.50,      -0.38) |                                          0
  [     -0.38,      -0.25) |                                          0
  [     -0.25,      -0.12) |                                          0
  [     -0.12,       0.00) |                                          0
  [      0.00,       0.12) | ######################################## 36
  [      0.12,       0.25) |                                          0
  [      0.25,       0.38) |                                          0
  [      0.38,       0.50) |                                          0

=== Descriptive Statistics — mode=spread ===
                count          mean           std           min            5%           25%           50%           75%           95%           max   skew   kurt
seed             36.0  6.584761e+08  8.007870e+08  2.026080e+08  2.026080e+08  2.026080e+08  2.026080e+08  6.584761e+08  2.026080e+09  2.026080e+09  1.206 -0.582
role_pnl         36.0 -3.731796e+02  8.288028e+03 -2.108536e+04 -1.645922e+04 -3.378474e+03  3.392015e+02  5.443337e+03  1.047273e+04  1.457907e+04 -0.632  0.252
wallet_sum_pnl   36.0  2.529532e-12  6.778382e-12 -1.409717e-11 -1.409717e-11  9.379164e-13  5.002221e-12  6.679102e-12  1.045919e-11  1.045919e-11 -1.275  0.974
realizedAbs      36.0  4.487750e+04  1.225599e+04  2.964513e+04  2.964513e+04  3.565470e+04  4.258542e+04  5.122158e+04  6.907578e+04  6.907578e+04  0.553 -0.747
minSpot          36.0  4.201187e+01  2.107903e+00  3.953428e+01  3.953428e+01  3.985064e+01  4.214127e+01  4.328305e+01  4.569106e+01  4.569106e+01  0.397 -1.029
maxSpot          36.0  6.711415e+01  2.395493e+00  6.380734e+01  6.380734e+01  6.521778e+01  6.697019e+01  6.916499e+01  7.212453e+01  7.212453e+01  0.508 -0.461
minCurve         36.0  4.053700e+01  1.137185e+00  3.835000e+01  3.835000e+01  3.969500e+01  4.045825e+01  4.135600e+01  4.231350e+01  4.231350e+01 -0.201 -0.687
maxCurve         36.0  7.053877e+01  2.016039e+00  6.710150e+01  6.710150e+01  6.950425e+01  7.000675e+01  7.195225e+01  7.499350e+01  7.499350e+01  0.562  0.270
rounds           36.0  6.000000e+01  0.000000e+00  6.000000e+01  6.000000e+01  6.000000e+01  6.000000e+01  6.000000e+01  6.000000e+01  6.000000e+01  0.000  0.000
settlementLegs   36.0  7.983333e+01  2.443651e+00  7.600000e+01  7.600000e+01  7.800000e+01  7.950000e+01  8.125000e+01  8.400000e+01  8.400000e+01  0.466 -0.740
x402Total        36.0  0.000000e+00  0.000000e+00  0.000000e+00  0.000000e+00  0.000000e+00  0.000000e+00  0.000000e+00  0.000000e+00  0.000000e+00  0.000  0.000
deniedWorkers    36.0  0.000000e+00  0.000000e+00  0.000000e+00  0.000000e+00  0.000000e+00  0.000000e+00  0.000000e+00  0.000000e+00  0.000000e+00  0.000  0.000

=== Histograms — mode=spread ===

seed
  [202608031.00, 430542066.12) | ######################################## 27
  [430542066.12, 658476101.25) |                                          0
  [658476101.25, 886410136.38) |                                          0
  [886410136.38, 1114344171.50) |                                          0
  [1114344171.50, 1342278206.62) |                                          0
  [1342278206.62, 1570212241.75) |                                          0
  [1570212241.75, 1798146276.88) |                                          0
  [1798146276.88, 2026080312.00) | #############                            9

role_pnl
  [ -21085.36,  -16627.30) | #######                                  2
  [ -16627.30,  -12169.25) | #######                                  2
  [ -12169.25,   -7711.20) | #######                                  2
  [  -7711.20,   -3253.14) | ##########                               3
  [  -3253.14,    1204.91) | ######################################## 11
  [   1204.91,    5662.96) | #########################                7
  [   5662.96,   10121.02) | #########################                7
  [  10121.02,   14579.07) | #######                                  2

wallet_sum_pnl
  [     -0.00,      -0.00) | ########                                 3
  [     -0.00,      -0.00) |                                          0
  [     -0.00,      -0.00) | ########                                 3
  [     -0.00,      -0.00) | ########                                 3
  [     -0.00,       0.00) |                                          0
  [      0.00,       0.00) | ################                         6
  [      0.00,       0.00) | ######################################## 15
  [      0.00,       0.00) | ################                         6

realizedAbs
  [  29645.13,   34573.97) | ######################################## 9
  [  34573.97,   39502.80) | ######################################## 9
  [  39502.80,   44431.63) |                                          0
  [  44431.63,   49360.46) | #############                            3
  [  49360.46,   54289.29) | ######################################## 9
  [  54289.29,   59218.12) |                                          0
  [  59218.12,   64146.95) | #############                            3
  [  64146.95,   69075.78) | #############                            3

minSpot
  [     39.53,      40.30) | ######################################## 12
  [     40.30,      41.07) | ##########                               3
  [     41.07,      41.84) |                                          0
  [     41.84,      42.61) | ##############################           9
  [     42.61,      43.38) | ##########                               3
  [     43.38,      44.15) | ##########                               3
  [     44.15,      44.92) |                                          0
  [     44.92,      45.69) | ####################                     6

maxSpot
  [     63.81,      64.85) | ######################################## 9
  [     64.85,      65.89) | #############                            3
  [     65.89,      66.93) | ##########################               6
  [     66.93,      67.97) | ##########################               6
  [     67.97,      69.01) |                                          0
  [     69.01,      70.05) | ######################################## 9
  [     70.05,      71.08) |                                          0
  [     71.08,      72.12) | #############                            3

minCurve
  [     38.35,      38.85) | ####################                     3
  [     38.85,      39.34) | ####################                     3
  [     39.34,      39.84) | ######################################## 6
  [     39.84,      40.33) | ####################                     3
  [     40.33,      40.83) | ######################################## 6
  [     40.83,      41.32) | ####################                     3
  [     41.32,      41.82) | ######################################## 6
  [     41.82,      42.31) | ######################################## 6

maxCurve
  [     67.10,      68.09) | ##########                               3
  [     68.09,      69.07) | ##########                               3
  [     69.07,      70.06) | ######################################## 12
  [     70.06,      71.05) | ####################                     6
  [     71.05,      72.03) | ##########                               3
  [     72.03,      73.02) | ####################                     6
  [     73.02,      74.01) |                                          0
  [     74.01,      74.99) | ##########                               3

rounds
  [     59.50,      59.62) |                                          0
  [     59.62,      59.75) |                                          0
  [     59.75,      59.88) |                                          0
  [     59.88,      60.00) |                                          0
  [     60.00,      60.12) | ######################################## 36
  [     60.12,      60.25) |                                          0
  [     60.25,      60.38) |                                          0
  [     60.38,      60.50) |                                          0

settlementLegs
  [     76.00,      77.00) | ##########                               3
  [     77.00,      78.00) |                                          0
  [     78.00,      79.00) | ######################################## 12
  [     79.00,      80.00) | ##########                               3
  [     80.00,      81.00) | ####################                     6
  [     81.00,      82.00) | ##########                               3
  [     82.00,      83.00) | ##########                               3
  [     83.00,      84.00) | ####################                     6

x402Total
  [     -0.50,      -0.38) |                                          0
  [     -0.38,      -0.25) |                                          0
  [     -0.25,      -0.12) |                                          0
  [     -0.12,       0.00) |                                          0
  [      0.00,       0.12) | ######################################## 36
  [      0.12,       0.25) |                                          0
  [      0.25,       0.38) |                                          0
  [      0.38,       0.50) |                                          0

deniedWorkers
  [     -0.50,      -0.38) |                                          0
  [     -0.38,      -0.25) |                                          0
  [     -0.25,      -0.12) |                                          0
  [     -0.12,       0.00) |                                          0
  [      0.00,       0.12) | ######################################## 36
  [      0.12,       0.25) |                                          0
  [      0.25,       0.38) |                                          0
  [      0.38,       0.50) |                                          0

=== Descriptive Statistics — mode=synthetic ===
                count          mean           std           min            5%           25%           50%           75%           95%           max   skew   kurt
seed             36.0  6.584761e+08  8.007870e+08  2.026080e+08  2.026080e+08  2.026080e+08  2.026080e+08  6.584761e+08  2.026080e+09  2.026080e+09  1.206 -0.582
role_pnl         36.0 -2.702776e-02  1.064924e+01 -3.084982e+01 -1.917295e+01 -1.801158e+00  7.830595e-01  7.574562e+00  1.284907e+01  1.977278e+01 -0.977  1.290
wallet_sum_pnl   36.0  8.025987e-16  6.415079e-15 -7.549517e-15 -7.549517e-15 -4.753142e-15  5.551115e-17  2.976785e-15  1.421085e-14  1.421085e-14  0.735 -0.197
realizedAbs      36.0  6.873407e+01  1.089736e+01  4.687437e+01  4.687437e+01  6.267586e+01  7.047271e+01  7.250562e+01  8.835610e+01  8.835610e+01 -0.225 -0.001
minSpot          36.0  4.792795e-02  1.609315e-03  4.515813e-02  4.515813e-02  4.732326e-02  4.825319e-02  4.891517e-02  5.035401e-02  5.035401e-02 -0.574 -0.714
maxSpot          36.0  8.509014e-02  2.424580e-03  8.142753e-02  8.142753e-02  8.343934e-02  8.516998e-02  8.571868e-02  8.981043e-02  8.981043e-02  0.419 -0.255
minCurve         36.0  4.452083e-02  1.443427e-03  4.150000e-02  4.150000e-02  4.400000e-02  4.450000e-02  4.550000e-02  4.700000e-02  4.700000e-02 -0.473  0.113
maxCurve         36.0  9.858333e-02  2.673948e-03  9.300000e-02  9.300000e-02  9.687500e-02  9.900000e-02  1.005000e-01  1.025000e-01  1.025000e-01 -0.482 -0.316
rounds           36.0  6.000000e+01  0.000000e+00  6.000000e+01  6.000000e+01  6.000000e+01  6.000000e+01  6.000000e+01  6.000000e+01  6.000000e+01  0.000  0.000
settlementLegs   36.0  7.983333e+01  1.594634e+00  7.800000e+01  7.800000e+01  7.800000e+01  8.000000e+01  8.025000e+01  8.300000e+01  8.300000e+01  0.423 -0.606
x402Total        36.0  0.000000e+00  0.000000e+00  0.000000e+00  0.000000e+00  0.000000e+00  0.000000e+00  0.000000e+00  0.000000e+00  0.000000e+00  0.000  0.000
deniedWorkers    36.0  0.000000e+00  0.000000e+00  0.000000e+00  0.000000e+00  0.000000e+00  0.000000e+00  0.000000e+00  0.000000e+00  0.000000e+00  0.000  0.000

=== Histograms — mode=synthetic ===

seed
  [202608031.00, 430542066.12) | ######################################## 27
  [430542066.12, 658476101.25) |                                          0
  [658476101.25, 886410136.38) |                                          0
  [886410136.38, 1114344171.50) |                                          0
  [1114344171.50, 1342278206.62) |                                          0
  [1342278206.62, 1570212241.75) |                                          0
  [1570212241.75, 1798146276.88) |                                          0
  [1798146276.88, 2026080312.00) | #############                            9

role_pnl
  [    -30.85,     -24.52) | ###                                      1
  [    -24.52,     -18.19) | ###                                      1
  [    -18.19,     -11.87) | #############                            4
  [    -11.87,      -5.54) |                                          0
  [     -5.54,       0.79) | ######################################## 12
  [      0.79,       7.12) | ##########################               8
  [      7.12,      13.44) | ##########################               8
  [     13.44,      19.77) | ######                                   2

wallet_sum_pnl
  [     -0.00,      -0.00) | ######################################## 9
  [     -0.00,      -0.00) | #############                            3
  [     -0.00,       0.00) | ######################################## 9
  [      0.00,       0.00) | ##########################               6
  [      0.00,       0.00) | #############                            3
  [      0.00,       0.00) |                                          0
  [      0.00,       0.00) | #############                            3
  [      0.00,       0.00) | #############                            3

realizedAbs
  [     46.87,      52.06) | ########                                 3
  [     52.06,      57.24) | ########                                 3
  [     57.24,      62.43) | ########                                 3
  [     62.43,      67.62) | ########                                 3
  [     67.62,      72.80) | ######################################## 15
  [     72.80,      77.99) | ########                                 3
  [     77.99,      83.17) | ########                                 3
  [     83.17,      88.36) | ########                                 3

minSpot
  [      0.05,       0.05) | ##########################               6
  [      0.05,       0.05) | #############                            3
  [      0.05,       0.05) |                                          0
  [      0.05,       0.05) |                                          0
  [      0.05,       0.05) | ######################################## 9
  [      0.05,       0.05) | ######################################## 9
  [      0.05,       0.05) | ##########################               6
  [      0.05,       0.05) | #############                            3

maxSpot
  [      0.08,       0.08) | ################                         6
  [      0.08,       0.08) | ################                         6
  [      0.08,       0.08) |                                          0
  [      0.08,       0.09) | ######################################## 15
  [      0.09,       0.09) | ########                                 3
  [      0.09,       0.09) |                                          0
  [      0.09,       0.09) |                                          0
  [      0.09,       0.09) | ################                         6

minCurve
  [      0.04,       0.04) | #############                            3
  [      0.04,       0.04) | #############                            3
  [      0.04,       0.04) |                                          0
  [      0.04,       0.04) | ##########################               6
  [      0.04,       0.04) | ######################################## 9
  [      0.04,       0.05) | ######################################## 9
  [      0.05,       0.05) | #############                            3
  [      0.05,       0.05) | #############                            3

maxCurve
  [      0.09,       0.09) | #############                            3
  [      0.09,       0.10) |                                          0
  [      0.10,       0.10) | ##########################               6
  [      0.10,       0.10) | #############                            3
  [      0.10,       0.10) | #############                            3
  [      0.10,       0.10) | ######################################## 9
  [      0.10,       0.10) | ##########################               6
  [      0.10,       0.10) | ##########################               6

rounds
  [     59.50,      59.62) |                                          0
  [     59.62,      59.75) |                                          0
  [     59.75,      59.88) |                                          0
  [     59.88,      60.00) |                                          0
  [     60.00,      60.12) | ######################################## 36
  [     60.12,      60.25) |                                          0
  [     60.25,      60.38) |                                          0
  [     60.38,      60.50) |                                          0

settlementLegs
  [     78.00,      78.62) | ################################         12
  [     78.62,      79.25) |                                          0
  [     79.25,      79.88) |                                          0
  [     79.88,      80.50) | ######################################## 15
  [     80.50,      81.12) | ########                                 3
  [     81.12,      81.75) |                                          0
  [     81.75,      82.38) | ########                                 3
  [     82.38,      83.00) | ########                                 3

x402Total
  [     -0.50,      -0.38) |                                          0
  [     -0.38,      -0.25) |                                          0
  [     -0.25,      -0.12) |                                          0
  [     -0.12,       0.00) |                                          0
  [      0.00,       0.12) | ######################################## 36
  [      0.12,       0.25) |                                          0
  [      0.25,       0.38) |                                          0
  [      0.38,       0.50) |                                          0

deniedWorkers
  [     -0.50,      -0.38) |                                          0
  [     -0.38,      -0.25) |                                          0
  [     -0.25,      -0.12) |                                          0
  [     -0.12,       0.00) |                                          0
  [      0.00,       0.12) | ######################################## 36
  [      0.12,       0.25) |                                          0
  [      0.25,       0.38) |                                          0
  [      0.38,       0.50) |                                          0

=== Descriptive Statistics — mode=x402 ===
                count          mean           std           min            5%           25%           50%           75%           95%           max   skew   kurt
seed             36.0  6.584761e+08  8.007870e+08  2.026080e+08  2.026080e+08  2.026080e+08  2.026080e+08  6.584761e+08  2.026080e+09  2.026080e+09  1.206 -0.582
role_pnl         36.0 -2.702776e-02  1.064924e+01 -3.084982e+01 -1.917295e+01 -1.801158e+00  7.830595e-01  7.574562e+00  1.284907e+01  1.977278e+01 -0.977  1.290
wallet_sum_pnl   36.0  8.025987e-16  6.415079e-15 -7.549517e-15 -7.549517e-15 -4.753142e-15  5.551115e-17  2.976785e-15  1.421085e-14  1.421085e-14  0.735 -0.197
realizedAbs      36.0  6.873407e+01  1.089736e+01  4.687437e+01  4.687437e+01  6.267586e+01  7.047271e+01  7.250562e+01  8.835610e+01  8.835610e+01 -0.225 -0.001
minSpot          36.0  4.792795e-02  1.609315e-03  4.515813e-02  4.515813e-02  4.732326e-02  4.825319e-02  4.891517e-02  5.035401e-02  5.035401e-02 -0.574 -0.714
maxSpot          36.0  8.509014e-02  2.424580e-03  8.142753e-02  8.142753e-02  8.343934e-02  8.516998e-02  8.571868e-02  8.981043e-02  8.981043e-02  0.419 -0.255
minCurve         36.0  4.452083e-02  1.443427e-03  4.150000e-02  4.150000e-02  4.400000e-02  4.450000e-02  4.550000e-02  4.700000e-02  4.700000e-02 -0.473  0.113
maxCurve         36.0  9.858333e-02  2.673948e-03  9.300000e-02  9.300000e-02  9.687500e-02  9.900000e-02  1.005000e-01  1.025000e-01  1.025000e-01 -0.482 -0.316
rounds           36.0  6.000000e+01  0.000000e+00  6.000000e+01  6.000000e+01  6.000000e+01  6.000000e+01  6.000000e+01  6.000000e+01  6.000000e+01  0.000  0.000
settlementLegs   36.0  7.983333e+01  1.594634e+00  7.800000e+01  7.800000e+01  7.800000e+01  8.000000e+01  8.025000e+01  8.300000e+01  8.300000e+01  0.423 -0.606
x402Total        36.0  3.228467e+02  3.044096e+01  2.769570e+02  2.769570e+02  3.064833e+02  3.134717e+02  3.325895e+02  3.851926e+02  3.851926e+02  0.842  0.094
deniedWorkers    36.0  0.000000e+00  0.000000e+00  0.000000e+00  0.000000e+00  0.000000e+00  0.000000e+00  0.000000e+00  0.000000e+00  0.000000e+00  0.000  0.000

=== Histograms — mode=x402 ===

seed
  [202608031.00, 430542066.12) | ######################################## 27
  [430542066.12, 658476101.25) |                                          0
  [658476101.25, 886410136.38) |                                          0
  [886410136.38, 1114344171.50) |                                          0
  [1114344171.50, 1342278206.62) |                                          0
  [1342278206.62, 1570212241.75) |                                          0
  [1570212241.75, 1798146276.88) |                                          0
  [1798146276.88, 2026080312.00) | #############                            9

role_pnl
  [    -30.85,     -24.52) | ###                                      1
  [    -24.52,     -18.19) | ###                                      1
  [    -18.19,     -11.87) | #############                            4
  [    -11.87,      -5.54) |                                          0
  [     -5.54,       0.79) | ######################################## 12
  [      0.79,       7.12) | ##########################               8
  [      7.12,      13.44) | ##########################               8
  [     13.44,      19.77) | ######                                   2

wallet_sum_pnl
  [     -0.00,      -0.00) | ######################################## 9
  [     -0.00,      -0.00) | #############                            3
  [     -0.00,       0.00) | ######################################## 9
  [      0.00,       0.00) | ##########################               6
  [      0.00,       0.00) | #############                            3
  [      0.00,       0.00) |                                          0
  [      0.00,       0.00) | #############                            3
  [      0.00,       0.00) | #############                            3

realizedAbs
  [     46.87,      52.06) | ########                                 3
  [     52.06,      57.24) | ########                                 3
  [     57.24,      62.43) | ########                                 3
  [     62.43,      67.62) | ########                                 3
  [     67.62,      72.80) | ######################################## 15
  [     72.80,      77.99) | ########                                 3
  [     77.99,      83.17) | ########                                 3
  [     83.17,      88.36) | ########                                 3

minSpot
  [      0.05,       0.05) | ##########################               6
  [      0.05,       0.05) | #############                            3
  [      0.05,       0.05) |                                          0
  [      0.05,       0.05) |                                          0
  [      0.05,       0.05) | ######################################## 9
  [      0.05,       0.05) | ######################################## 9
  [      0.05,       0.05) | ##########################               6
  [      0.05,       0.05) | #############                            3

maxSpot
  [      0.08,       0.08) | ################                         6
  [      0.08,       0.08) | ################                         6
  [      0.08,       0.08) |                                          0
  [      0.08,       0.09) | ######################################## 15
  [      0.09,       0.09) | ########                                 3
  [      0.09,       0.09) |                                          0
  [      0.09,       0.09) |                                          0
  [      0.09,       0.09) | ################                         6

minCurve
  [      0.04,       0.04) | #############                            3
  [      0.04,       0.04) | #############                            3
  [      0.04,       0.04) |                                          0
  [      0.04,       0.04) | ##########################               6
  [      0.04,       0.04) | ######################################## 9
  [      0.04,       0.05) | ######################################## 9
  [      0.05,       0.05) | #############                            3
  [      0.05,       0.05) | #############                            3

maxCurve
  [      0.09,       0.09) | #############                            3
  [      0.09,       0.10) |                                          0
  [      0.10,       0.10) | ##########################               6
  [      0.10,       0.10) | #############                            3
  [      0.10,       0.10) | #############                            3
  [      0.10,       0.10) | ######################################## 9
  [      0.10,       0.10) | ##########################               6
  [      0.10,       0.10) | ##########################               6

rounds
  [     59.50,      59.62) |                                          0
  [     59.62,      59.75) |                                          0
  [     59.75,      59.88) |                                          0
  [     59.88,      60.00) |                                          0
  [     60.00,      60.12) | ######################################## 36
  [     60.12,      60.25) |                                          0
  [     60.25,      60.38) |                                          0
  [     60.38,      60.50) |                                          0

settlementLegs
  [     78.00,      78.62) | ################################         12
  [     78.62,      79.25) |                                          0
  [     79.25,      79.88) |                                          0
  [     79.88,      80.50) | ######################################## 15
  [     80.50,      81.12) | ########                                 3
  [     81.12,      81.75) |                                          0
  [     81.75,      82.38) | ########                                 3
  [     82.38,      83.00) | ########                                 3

x402Total
  [    276.96,     290.49) | ##########                               3
  [    290.49,     304.02) | ##########                               3
  [    304.02,     317.55) | ######################################## 12
  [    317.55,     331.07) | ####################                     6
  [    331.07,     344.60) | ####################                     6
  [    344.60,     358.13) |                                          0
  [    358.13,     371.66) |                                          0
  [    371.66,     385.19) | ####################                     6

deniedWorkers
  [     -0.50,      -0.38) |                                          0
  [     -0.38,      -0.25) |                                          0
  [     -0.25,      -0.12) |                                          0
  [     -0.12,       0.00) |                                          0
  [      0.00,       0.12) | ######################################## 36
  [      0.12,       0.25) |                                          0
  [      0.25,       0.38) |                                          0
  [      0.38,       0.50) |                                          0


Stats saved to out/programmatic-eda/compute-futures-2026-08-03/distributions_by_mode.csv
