=== Descriptive Statistics — mode=basket ===
                count          mean           std           min            5%           25%           50%           75%           95%           max   skew   kurt
seed             36.0  6.584731e+08  8.007834e+08  2.026071e+08  2.026071e+08  2.026071e+08  2.026071e+08  6.584731e+08  2.026071e+09  2.026071e+09  1.206 -0.582
role_pnl         36.0 -1.153788e+00  3.657615e+01 -8.692688e+01 -6.571553e+01 -2.438734e+01  1.142953e+01  2.327709e+01  3.959167e+01  4.527666e+01 -0.919 -0.176
wallet_sum_pnl   36.0  4.847974e-15  2.112087e-14 -3.730349e-14 -3.730349e-14 -3.774758e-15  5.329071e-15  2.464695e-14  2.886580e-14  2.886580e-14 -0.661 -0.505
realizedAbs      36.0  1.926400e+02  5.563701e+01  7.639587e+01  7.639587e+01  1.704772e+02  2.001486e+02  2.319042e+02  2.616043e+02  2.616043e+02 -0.737 -0.206
minSpot          36.0  1.171758e-01  3.726297e-03  1.112232e-01  1.112232e-01  1.148533e-01  1.170717e-01  1.199916e-01  1.230407e-01  1.230407e-01 -0.168 -1.062
maxSpot          36.0  2.021361e-01  6.556298e-03  1.909152e-01  1.909152e-01  1.975183e-01  2.014819e-01  2.079632e-01  2.123762e-01  2.123762e-01 -0.073 -1.286
minCurve         36.0  1.062917e-01  2.346350e-03  1.015000e-01  1.015000e-01  1.047500e-01  1.065000e-01  1.081250e-01  1.095000e-01  1.095000e-01 -0.570 -0.626
maxCurve         36.0  2.372500e-01  5.320446e-03  2.265000e-01  2.265000e-01  2.351250e-01  2.375000e-01  2.401250e-01  2.460000e-01  2.460000e-01 -0.402 -0.296
rounds           36.0  6.000000e+01  0.000000e+00  6.000000e+01  6.000000e+01  6.000000e+01  6.000000e+01  6.000000e+01  6.000000e+01  6.000000e+01  0.000  0.000
settlementLegs   36.0  7.958333e+01  2.633574e+00  7.300000e+01  7.300000e+01  7.900000e+01  8.000000e+01  8.050000e+01  8.300000e+01  8.300000e+01 -1.038  1.442
x402Total        36.0  0.000000e+00  0.000000e+00  0.000000e+00  0.000000e+00  0.000000e+00  0.000000e+00  0.000000e+00  0.000000e+00  0.000000e+00  0.000  0.000
deniedWorkers    36.0  0.000000e+00  0.000000e+00  0.000000e+00  0.000000e+00  0.000000e+00  0.000000e+00  0.000000e+00  0.000000e+00  0.000000e+00  0.000  0.000

=== Histograms — mode=basket ===

seed
  [202607101.00, 430540089.88) | ######################################## 27
  [430540089.88, 658473078.75) |                                          0
  [658473078.75, 886406067.62) |                                          0
  [886406067.62, 1114339056.50) |                                          0
  [1114339056.50, 1342272045.38) |                                          0
  [1342272045.38, 1570205034.25) |                                          0
  [1570205034.25, 1798138023.12) |                                          0
  [1798138023.12, 2026071012.00) | #############                            9

role_pnl
  [    -86.93,     -70.40) | #######                                  2
  [    -70.40,     -53.88) | ##########                               3
  [    -53.88,     -37.35) | ##########                               3
  [    -37.35,     -20.83) | #######                                  2
  [    -20.83,      -4.30) | #######                                  2
  [     -4.30,      12.23) | #####################                    6
  [     12.23,      28.75) | ######################################## 11
  [     28.75,      45.28) | #########################                7

wallet_sum_pnl
  [     -0.00,      -0.00) | ##########                               3
  [     -0.00,      -0.00) | ##########                               3
  [     -0.00,      -0.00) |                                          0
  [     -0.00,      -0.00) | ##########                               3
  [     -0.00,       0.00) | ##############################           9
  [      0.00,       0.00) | ##########                               3
  [      0.00,       0.00) | ##########                               3
  [      0.00,       0.00) | ######################################## 12

realizedAbs
  [     76.40,      99.55) | ##########                               3
  [     99.55,     122.70) | ##########                               3
  [    122.70,     145.85) |                                          0
  [    145.85,     169.00) |                                          0
  [    169.00,     192.15) | ######################################## 12
  [    192.15,     215.30) | ####################                     6
  [    215.30,     238.45) | ##########                               3
  [    238.45,     261.60) | ##############################           9

minSpot
  [      0.11,       0.11) | ######################################## 6
  [      0.11,       0.11) | ####################                     3
  [      0.11,       0.12) | ####################                     3
  [      0.12,       0.12) | ######################################## 6
  [      0.12,       0.12) | ####################                     3
  [      0.12,       0.12) | ######################################## 6
  [      0.12,       0.12) | ######################################## 6
  [      0.12,       0.12) | ####################                     3

maxSpot
  [      0.19,       0.19) | ##########                               3
  [      0.19,       0.20) | ##########                               3
  [      0.20,       0.20) | ######################################## 12
  [      0.20,       0.20) |                                          0
  [      0.20,       0.20) | ##########                               3
  [      0.20,       0.21) |                                          0
  [      0.21,       0.21) | ######################################## 12
  [      0.21,       0.21) | ##########                               3

minCurve
  [      0.10,       0.10) | #############                            3
  [      0.10,       0.10) | #############                            3
  [      0.10,       0.10) | #############                            3
  [      0.10,       0.11) | #############                            3
  [      0.11,       0.11) | ##########################               6
  [      0.11,       0.11) | #############                            3
  [      0.11,       0.11) | ##########################               6
  [      0.11,       0.11) | ######################################## 9

maxCurve
  [      0.23,       0.23) | #############                            3
  [      0.23,       0.23) | #############                            3
  [      0.23,       0.23) | #############                            3
  [      0.23,       0.24) | #############                            3
  [      0.24,       0.24) | ######################################## 9
  [      0.24,       0.24) | ##########################               6
  [      0.24,       0.24) | ##########################               6
  [      0.24,       0.25) | #############                            3

rounds
  [     59.50,      59.62) |                                          0
  [     59.62,      59.75) |                                          0
  [     59.75,      59.88) |                                          0
  [     59.88,      60.00) |                                          0
  [     60.00,      60.12) | ######################################## 36
  [     60.12,      60.25) |                                          0
  [     60.25,      60.38) |                                          0
  [     60.38,      60.50) |                                          0

settlementLegs
  [     73.00,      74.25) | ##########                               3
  [     74.25,      75.50) |                                          0
  [     75.50,      76.75) |                                          0
  [     76.75,      78.00) | ##########                               3
  [     78.00,      79.25) | ##############################           9
  [     79.25,      80.50) | ######################################## 12
  [     80.50,      81.75) |                                          0
  [     81.75,      83.00) | ##############################           9

x402Total
  [     -0.50,      -0.38) |                                          0
  [     -0.38,      -0.25) |                                          0
  [     -0.25,      -0.12) |                                          0
  [     -0.12,       0.00) |                                          0
  [      0.00,       0.12) | ######################################## 36
  [      0.12,       0.25) |                                          0
  [      0.25,       0.38) |                                          0
  [      0.38,       0.50) |                                          0

deniedWorkers
  [     -0.50,      -0.38) |                                          0
  [     -0.38,      -0.25) |                                          0
  [     -0.25,      -0.12) |                                          0
  [     -0.12,       0.00) |                                          0
  [      0.00,       0.12) | ######################################## 36
  [      0.12,       0.25) |                                          0
  [      0.25,       0.38) |                                          0
  [      0.38,       0.50) |                                          0

=== Descriptive Statistics — mode=spread ===
                count          mean           std           min            5%           25%           50%           75%           95%           max   skew   kurt
seed             36.0  6.584731e+08  8.007834e+08  2.026071e+08  2.026071e+08  2.026071e+08  2.026071e+08  6.584731e+08  2.026071e+09  2.026071e+09  1.206 -0.582
role_pnl         36.0 -3.897136e+02  8.412678e+03 -1.955933e+04 -1.542004e+04 -6.242132e+03  8.068158e+02  5.470508e+03  1.097146e+04  1.633767e+04 -0.470 -0.050
wallet_sum_pnl   36.0 -2.632561e-12  6.431671e-12 -1.693934e-11 -1.693934e-11 -5.456968e-12 -2.046363e-12  1.140421e-12  6.593837e-12  6.593837e-12 -0.627  0.123
realizedAbs      36.0  4.622354e+04  1.410439e+04  3.148736e+04  3.148736e+04  3.761969e+04  4.200102e+04  5.211414e+04  8.434903e+04  8.434903e+04  1.622  2.449
minSpot          36.0  4.297278e+01  1.414965e+00  4.008135e+01  4.008135e+01  4.268886e+01  4.322760e+01  4.374874e+01  4.480197e+01  4.480197e+01 -0.882  0.008
maxSpot          36.0  6.691463e+01  2.783366e+00  6.159670e+01  6.159670e+01  6.573252e+01  6.679918e+01  6.883212e+01  7.127469e+01  7.127469e+01 -0.225 -0.428
minCurve         36.0  3.936988e+01  1.090429e+00  3.748600e+01  3.748600e+01  3.886300e+01  3.896125e+01  4.030313e+01  4.117700e+01  4.117700e+01  0.272 -0.833
maxCurve         36.0  7.033708e+01  2.054542e+00  6.653650e+01  6.653650e+01  6.894600e+01  7.056350e+01  7.176125e+01  7.368550e+01  7.368550e+01 -0.105 -0.770
rounds           36.0  6.000000e+01  0.000000e+00  6.000000e+01  6.000000e+01  6.000000e+01  6.000000e+01  6.000000e+01  6.000000e+01  6.000000e+01  0.000  0.000
settlementLegs   36.0  8.025000e+01  1.024695e+00  7.900000e+01  7.900000e+01  7.975000e+01  8.000000e+01  8.100000e+01  8.200000e+01  8.200000e+01  0.474 -0.808
x402Total        36.0  0.000000e+00  0.000000e+00  0.000000e+00  0.000000e+00  0.000000e+00  0.000000e+00  0.000000e+00  0.000000e+00  0.000000e+00  0.000  0.000
deniedWorkers    36.0  0.000000e+00  0.000000e+00  0.000000e+00  0.000000e+00  0.000000e+00  0.000000e+00  0.000000e+00  0.000000e+00  0.000000e+00  0.000  0.000

=== Histograms — mode=spread ===

seed
  [202607101.00, 430540089.88) | ######################################## 27
  [430540089.88, 658473078.75) |                                          0
  [658473078.75, 886406067.62) |                                          0
  [886406067.62, 1114339056.50) |                                          0
  [1114339056.50, 1342272045.38) |                                          0
  [1342272045.38, 1570205034.25) |                                          0
  [1570205034.25, 1798138023.12) |                                          0
  [1798138023.12, 2026071012.00) | #############                            9

role_pnl
  [ -19559.33,  -15072.20) | ########                                 2
  [ -15072.20,  -10585.08) | ############                             3
  [ -10585.08,   -6097.95) | ################                         4
  [  -6097.95,   -1610.83) | ################                         4
  [  -1610.83,    2876.30) | ######################################## 10
  [   2876.30,    7363.42) | ################################         8
  [   7363.42,   11850.55) | ############                             3
  [  11850.55,   16337.67) | ########                                 2

wallet_sum_pnl
  [     -0.00,      -0.00) | #############                            3
  [     -0.00,      -0.00) |                                          0
  [     -0.00,      -0.00) | ##########################               6
  [     -0.00,      -0.00) |                                          0
  [     -0.00,      -0.00) | ######################################## 9
  [     -0.00,       0.00) | ######################################## 9
  [      0.00,       0.00) |                                          0
  [      0.00,       0.00) | ######################################## 9

realizedAbs
  [  31487.36,   38095.07) | ##############################           9
  [  38095.07,   44702.78) | ######################################## 12
  [  44702.78,   51310.48) | ##########                               3
  [  51310.48,   57918.19) | ##############################           9
  [  57918.19,   64525.90) |                                          0
  [  64525.90,   71133.61) |                                          0
  [  71133.61,   77741.32) |                                          0
  [  77741.32,   84349.03) | ##########                               3

minSpot
  [     40.08,      40.67) | ##########################               6
  [     40.67,      41.26) |                                          0
  [     41.26,      41.85) |                                          0
  [     41.85,      42.44) | #############                            3
  [     42.44,      43.03) | ##########################               6
  [     43.03,      43.62) | ######################################## 9
  [     43.62,      44.21) | ##########################               6
  [     44.21,      44.80) | ##########################               6

maxSpot
  [     61.60,      62.81) | ##########                               3
  [     62.81,      64.02) | ##########                               3
  [     64.02,      65.23) | ##########                               3
  [     65.23,      66.44) | ##########                               3
  [     66.44,      67.65) | ######################################## 12
  [     67.65,      68.86) | ##########                               3
  [     68.86,      70.06) | ##########                               3
  [     70.06,      71.27) | ####################                     6

minCurve
  [     37.49,      37.95) | ##########                               3
  [     37.95,      38.41) | ##########                               3
  [     38.41,      38.87) | ####################                     6
  [     38.87,      39.33) | ######################################## 12
  [     39.33,      39.79) |                                          0
  [     39.79,      40.25) | ##########                               3
  [     40.25,      40.72) |                                          0
  [     40.72,      41.18) | ##############################           9

maxCurve
  [     66.54,      67.43) | #############                            3
  [     67.43,      68.32) | #############                            3
  [     68.32,      69.22) | ######################################## 9
  [     69.22,      70.11) |                                          0
  [     70.11,      71.00) | ##########################               6
  [     71.00,      71.90) | ##########################               6
  [     71.90,      72.79) | #############                            3
  [     72.79,      73.69) | ##########################               6

rounds
  [     59.50,      59.62) |                                          0
  [     59.62,      59.75) |                                          0
  [     59.75,      59.88) |                                          0
  [     59.88,      60.00) |                                          0
  [     60.00,      60.12) | ######################################## 36
  [     60.12,      60.25) |                                          0
  [     60.25,      60.38) |                                          0
  [     60.38,      60.50) |                                          0

settlementLegs
  [     79.00,      79.38) | ########################                 9
  [     79.38,      79.75) |                                          0
  [     79.75,      80.12) | ######################################## 15
  [     80.12,      80.50) |                                          0
  [     80.50,      80.88) |                                          0
  [     80.88,      81.25) | ################                         6
  [     81.25,      81.62) |                                          0
  [     81.62,      82.00) | ################                         6

x402Total
  [     -0.50,      -0.38) |                                          0
  [     -0.38,      -0.25) |                                          0
  [     -0.25,      -0.12) |                                          0
  [     -0.12,       0.00) |                                          0
  [      0.00,       0.12) | ######################################## 36
  [      0.12,       0.25) |                                          0
  [      0.25,       0.38) |                                          0
  [      0.38,       0.50) |                                          0

deniedWorkers
  [     -0.50,      -0.38) |                                          0
  [     -0.38,      -0.25) |                                          0
  [     -0.25,      -0.12) |                                          0
  [     -0.12,       0.00) |                                          0
  [      0.00,       0.12) | ######################################## 36
  [      0.12,       0.25) |                                          0
  [      0.25,       0.38) |                                          0
  [      0.38,       0.50) |                                          0

=== Descriptive Statistics — mode=synthetic ===
                count          mean           std           min            5%           25%           50%           75%           95%           max   skew   kurt
seed             36.0  6.584731e+08  8.007834e+08  2.026071e+08  2.026071e+08  2.026071e+08  2.026071e+08  6.584731e+08  2.026071e+09  2.026071e+09  1.206 -0.582
role_pnl         36.0 -3.762033e-01  1.426666e+01 -3.438712e+01 -2.590937e+01 -9.115670e+00  4.625236e+00  1.007259e+01  1.629480e+01  1.684786e+01 -0.945 -0.149
wallet_sum_pnl   36.0 -2.976785e-15  9.489312e-15 -1.887379e-14 -1.887379e-14 -8.104628e-15 -2.706169e-15  3.108624e-15  1.154632e-14  1.154632e-14 -0.059 -0.963
realizedAbs      36.0  7.918732e+01  2.188333e+01  3.348024e+01  3.348024e+01  7.148923e+01  8.204752e+01  9.211983e+01  1.086830e+02  1.086830e+02 -0.688 -0.169
minSpot          36.0  4.882326e-02  1.552624e-03  4.634301e-02  4.634301e-02  4.785555e-02  4.877989e-02  4.999648e-02  5.126695e-02  5.126695e-02 -0.168 -1.062
maxSpot          36.0  8.422337e-02  2.731791e-03  7.954800e-02  7.954800e-02  8.229928e-02  8.395077e-02  8.665132e-02  8.849007e-02  8.849007e-02 -0.073 -1.286
minCurve         36.0  4.445833e-02  9.810708e-04  4.250000e-02  4.250000e-02  4.387500e-02  4.450000e-02  4.512500e-02  4.600000e-02  4.600000e-02 -0.310 -0.567
maxCurve         36.0  9.866667e-02  1.923538e-03  9.450000e-02  9.450000e-02  9.775000e-02  9.875000e-02  1.000000e-01  1.015000e-01  1.015000e-01 -0.595 -0.062
rounds           36.0  6.000000e+01  0.000000e+00  6.000000e+01  6.000000e+01  6.000000e+01  6.000000e+01  6.000000e+01  6.000000e+01  6.000000e+01  0.000  0.000
settlementLegs   36.0  7.958333e+01  2.465476e+00  7.500000e+01  7.500000e+01  7.775000e+01  8.000000e+01  8.125000e+01  8.300000e+01  8.300000e+01 -0.542 -0.880
x402Total        36.0  0.000000e+00  0.000000e+00  0.000000e+00  0.000000e+00  0.000000e+00  0.000000e+00  0.000000e+00  0.000000e+00  0.000000e+00  0.000  0.000
deniedWorkers    36.0  0.000000e+00  0.000000e+00  0.000000e+00  0.000000e+00  0.000000e+00  0.000000e+00  0.000000e+00  0.000000e+00  0.000000e+00  0.000  0.000

=== Histograms — mode=synthetic ===

seed
  [202607101.00, 430540089.88) | ######################################## 27
  [430540089.88, 658473078.75) |                                          0
  [658473078.75, 886406067.62) |                                          0
  [886406067.62, 1114339056.50) |                                          0
  [1114339056.50, 1342272045.38) |                                          0
  [1342272045.38, 1570205034.25) |                                          0
  [1570205034.25, 1798138023.12) |                                          0
  [1798138023.12, 2026071012.00) | #############                            9

role_pnl
  [    -34.39,     -27.98) | ########                                 2
  [    -27.98,     -21.58) | ########                                 2
  [    -21.58,     -15.17) | ################                         4
  [    -15.17,      -8.77) | ####                                     1
  [     -8.77,      -2.37) | ########                                 2
  [     -2.37,       4.04) | ########################                 6
  [      4.04,      10.44) | ######################################## 10
  [     10.44,      16.85) | ####################################     9

wallet_sum_pnl
  [     -0.00,      -0.00) | ####################                     6
  [     -0.00,      -0.00) | ##########                               3
  [     -0.00,      -0.00) |                                          0
  [     -0.00,      -0.00) | ##############################           9
  [     -0.00,       0.00) |                                          0
  [      0.00,       0.00) | ######################################## 12
  [      0.00,       0.00) |                                          0
  [      0.00,       0.00) | ####################                     6

realizedAbs
  [     33.48,      42.88) | #############                            3
  [     42.88,      52.28) | #############                            3
  [     52.28,      61.68) |                                          0
  [     61.68,      71.08) | #############                            3
  [     71.08,      80.48) | ######################################## 9
  [     80.48,      89.88) | ######################################## 9
  [     89.88,      99.28) |                                          0
  [     99.28,     108.68) | ######################################## 9

minSpot
  [      0.05,       0.05) | ######################################## 6
  [      0.05,       0.05) | ####################                     3
  [      0.05,       0.05) | ####################                     3
  [      0.05,       0.05) | ######################################## 6
  [      0.05,       0.05) | ####################                     3
  [      0.05,       0.05) | ######################################## 6
  [      0.05,       0.05) | ######################################## 6
  [      0.05,       0.05) | ####################                     3

maxSpot
  [      0.08,       0.08) | ##########                               3
  [      0.08,       0.08) | ##########                               3
  [      0.08,       0.08) | ######################################## 12
  [      0.08,       0.08) |                                          0
  [      0.08,       0.09) | ##########                               3
  [      0.09,       0.09) |                                          0
  [      0.09,       0.09) | ######################################## 12
  [      0.09,       0.09) | ##########                               3

minCurve
  [      0.04,       0.04) | ####################                     3
  [      0.04,       0.04) |                                          0
  [      0.04,       0.04) | ######################################## 6
  [      0.04,       0.04) | ######################################## 6
  [      0.04,       0.04) | ######################################## 6
  [      0.04,       0.05) | ######################################## 6
  [      0.05,       0.05) | ######################################## 6
  [      0.05,       0.05) | ####################                     3

maxCurve
  [      0.09,       0.10) | #############                            3
  [      0.10,       0.10) |                                          0
  [      0.10,       0.10) | ##########################               6
  [      0.10,       0.10) |                                          0
  [      0.10,       0.10) | ######################################## 9
  [      0.10,       0.10) | ##########################               6
  [      0.10,       0.10) | ##########################               6
  [      0.10,       0.10) | ##########################               6

rounds
  [     59.50,      59.62) |                                          0
  [     59.62,      59.75) |                                          0
  [     59.75,      59.88) |                                          0
  [     59.88,      60.00) |                                          0
  [     60.00,      60.12) | ######################################## 36
  [     60.12,      60.25) |                                          0
  [     60.25,      60.38) |                                          0
  [     60.38,      60.50) |                                          0

settlementLegs
  [     75.00,      76.00) | #############                            3
  [     76.00,      77.00) | #############                            3
  [     77.00,      78.00) | #############                            3
  [     78.00,      79.00) | #############                            3
  [     79.00,      80.00) |                                          0
  [     80.00,      81.00) | ######################################## 9
  [     81.00,      82.00) | ##########################               6
  [     82.00,      83.00) | ######################################## 9

x402Total
  [     -0.50,      -0.38) |                                          0
  [     -0.38,      -0.25) |                                          0
  [     -0.25,      -0.12) |                                          0
  [     -0.12,       0.00) |                                          0
  [      0.00,       0.12) | ######################################## 36
  [      0.12,       0.25) |                                          0
  [      0.25,       0.38) |                                          0
  [      0.38,       0.50) |                                          0

deniedWorkers
  [     -0.50,      -0.38) |                                          0
  [     -0.38,      -0.25) |                                          0
  [     -0.25,      -0.12) |                                          0
  [     -0.12,       0.00) |                                          0
  [      0.00,       0.12) | ######################################## 36
  [      0.12,       0.25) |                                          0
  [      0.25,       0.38) |                                          0
  [      0.38,       0.50) |                                          0

=== Descriptive Statistics — mode=x402 ===
                count          mean           std           min            5%           25%           50%           75%           95%           max   skew   kurt
seed             36.0  6.584731e+08  8.007834e+08  2.026071e+08  2.026071e+08  2.026071e+08  2.026071e+08  6.584731e+08  2.026071e+09  2.026071e+09  1.206 -0.582
role_pnl         36.0 -3.762033e-01  1.426666e+01 -3.438712e+01 -2.590937e+01 -9.115670e+00  4.625236e+00  1.007259e+01  1.629480e+01  1.684786e+01 -0.945 -0.149
wallet_sum_pnl   36.0 -2.976785e-15  9.489312e-15 -1.887379e-14 -1.887379e-14 -8.104628e-15 -2.706169e-15  3.108624e-15  1.154632e-14  1.154632e-14 -0.059 -0.963
realizedAbs      36.0  7.918732e+01  2.188333e+01  3.348024e+01  3.348024e+01  7.148923e+01  8.204752e+01  9.211983e+01  1.086830e+02  1.086830e+02 -0.688 -0.169
minSpot          36.0  4.882326e-02  1.552624e-03  4.634301e-02  4.634301e-02  4.785555e-02  4.877989e-02  4.999648e-02  5.126695e-02  5.126695e-02 -0.168 -1.062
maxSpot          36.0  8.422337e-02  2.731791e-03  7.954800e-02  7.954800e-02  8.229928e-02  8.395077e-02  8.665132e-02  8.849007e-02  8.849007e-02 -0.073 -1.286
minCurve         36.0  4.445833e-02  9.810708e-04  4.250000e-02  4.250000e-02  4.387500e-02  4.450000e-02  4.512500e-02  4.600000e-02  4.600000e-02 -0.310 -0.567
maxCurve         36.0  9.866667e-02  1.923538e-03  9.450000e-02  9.450000e-02  9.775000e-02  9.875000e-02  1.000000e-01  1.015000e-01  1.015000e-01 -0.595 -0.062
rounds           36.0  6.000000e+01  0.000000e+00  6.000000e+01  6.000000e+01  6.000000e+01  6.000000e+01  6.000000e+01  6.000000e+01  6.000000e+01  0.000  0.000
settlementLegs   36.0  7.958333e+01  2.465476e+00  7.500000e+01  7.500000e+01  7.775000e+01  8.000000e+01  8.125000e+01  8.300000e+01  8.300000e+01 -0.542 -0.880
x402Total        36.0  3.290025e+02  3.136169e+01  2.805340e+02  2.805340e+02  3.099007e+02  3.290126e+02  3.458559e+02  3.838520e+02  3.838520e+02  0.338 -0.637
deniedWorkers    36.0  0.000000e+00  0.000000e+00  0.000000e+00  0.000000e+00  0.000000e+00  0.000000e+00  0.000000e+00  0.000000e+00  0.000000e+00  0.000  0.000

=== Histograms — mode=x402 ===

seed
  [202607101.00, 430540089.88) | ######################################## 27
  [430540089.88, 658473078.75) |                                          0
  [658473078.75, 886406067.62) |                                          0
  [886406067.62, 1114339056.50) |                                          0
  [1114339056.50, 1342272045.38) |                                          0
  [1342272045.38, 1570205034.25) |                                          0
  [1570205034.25, 1798138023.12) |                                          0
  [1798138023.12, 2026071012.00) | #############                            9

role_pnl
  [    -34.39,     -27.98) | ########                                 2
  [    -27.98,     -21.58) | ########                                 2
  [    -21.58,     -15.17) | ################                         4
  [    -15.17,      -8.77) | ####                                     1
  [     -8.77,      -2.37) | ########                                 2
  [     -2.37,       4.04) | ########################                 6
  [      4.04,      10.44) | ######################################## 10
  [     10.44,      16.85) | ####################################     9

wallet_sum_pnl
  [     -0.00,      -0.00) | ####################                     6
  [     -0.00,      -0.00) | ##########                               3
  [     -0.00,      -0.00) |                                          0
  [     -0.00,      -0.00) | ##############################           9
  [     -0.00,       0.00) |                                          0
  [      0.00,       0.00) | ######################################## 12
  [      0.00,       0.00) |                                          0
  [      0.00,       0.00) | ####################                     6

realizedAbs
  [     33.48,      42.88) | #############                            3
  [     42.88,      52.28) | #############                            3
  [     52.28,      61.68) |                                          0
  [     61.68,      71.08) | #############                            3
  [     71.08,      80.48) | ######################################## 9
  [     80.48,      89.88) | ######################################## 9
  [     89.88,      99.28) |                                          0
  [     99.28,     108.68) | ######################################## 9

minSpot
  [      0.05,       0.05) | ######################################## 6
  [      0.05,       0.05) | ####################                     3
  [      0.05,       0.05) | ####################                     3
  [      0.05,       0.05) | ######################################## 6
  [      0.05,       0.05) | ####################                     3
  [      0.05,       0.05) | ######################################## 6
  [      0.05,       0.05) | ######################################## 6
  [      0.05,       0.05) | ####################                     3

maxSpot
  [      0.08,       0.08) | ##########                               3
  [      0.08,       0.08) | ##########                               3
  [      0.08,       0.08) | ######################################## 12
  [      0.08,       0.08) |                                          0
  [      0.08,       0.09) | ##########                               3
  [      0.09,       0.09) |                                          0
  [      0.09,       0.09) | ######################################## 12
  [      0.09,       0.09) | ##########                               3

minCurve
  [      0.04,       0.04) | ####################                     3
  [      0.04,       0.04) |                                          0
  [      0.04,       0.04) | ######################################## 6
  [      0.04,       0.04) | ######################################## 6
  [      0.04,       0.04) | ######################################## 6
  [      0.04,       0.05) | ######################################## 6
  [      0.05,       0.05) | ######################################## 6
  [      0.05,       0.05) | ####################                     3

maxCurve
  [      0.09,       0.10) | #############                            3
  [      0.10,       0.10) |                                          0
  [      0.10,       0.10) | ##########################               6
  [      0.10,       0.10) |                                          0
  [      0.10,       0.10) | ######################################## 9
  [      0.10,       0.10) | ##########################               6
  [      0.10,       0.10) | ##########################               6
  [      0.10,       0.10) | ##########################               6

rounds
  [     59.50,      59.62) |                                          0
  [     59.62,      59.75) |                                          0
  [     59.75,      59.88) |                                          0
  [     59.88,      60.00) |                                          0
  [     60.00,      60.12) | ######################################## 36
  [     60.12,      60.25) |                                          0
  [     60.25,      60.38) |                                          0
  [     60.38,      60.50) |                                          0

settlementLegs
  [     75.00,      76.00) | #############                            3
  [     76.00,      77.00) | #############                            3
  [     77.00,      78.00) | #############                            3
  [     78.00,      79.00) | #############                            3
  [     79.00,      80.00) |                                          0
  [     80.00,      81.00) | ######################################## 9
  [     81.00,      82.00) | ##########################               6
  [     82.00,      83.00) | ######################################## 9

x402Total
  [    280.53,     293.45) | ##########################               6
  [    293.45,     306.36) | #############                            3
  [    306.36,     319.28) | ##########################               6
  [    319.28,     332.19) | ######################################## 9
  [    332.19,     345.11) | #############                            3
  [    345.11,     358.02) | #############                            3
  [    358.02,     370.94) |                                          0
  [    370.94,     383.85) | ##########################               6

deniedWorkers
  [     -0.50,      -0.38) |                                          0
  [     -0.38,      -0.25) |                                          0
  [     -0.25,      -0.12) |                                          0
  [     -0.12,       0.00) |                                          0
  [      0.00,       0.12) | ######################################## 36
  [      0.12,       0.25) |                                          0
  [      0.25,       0.38) |                                          0
  [      0.38,       0.50) |                                          0


Stats saved to out/programmatic-eda/compute-futures-2026-07-10/distributions_by_mode.csv
