=== Descriptive Statistics — mode=basket ===
                count          mean           std           min            5%           25%           50%           75%           95%           max   skew   kurt
seed             36.0  6.584705e+08  8.007802e+08  2.026063e+08  2.026063e+08  2.026063e+08  2.026063e+08  6.584705e+08  2.026063e+09  2.026063e+09  1.206 -0.582
role_pnl         36.0 -4.513053e-01  2.416842e+01 -5.238957e+01 -4.546753e+01 -1.823411e+01  5.838289e+00  1.876103e+01  2.904414e+01  3.354483e+01 -0.673 -0.609
wallet_sum_pnl   36.0  1.711594e-15  2.857709e-14 -4.352074e-14 -4.352074e-14 -1.616762e-14  3.219647e-15  1.432188e-14  7.216450e-14  7.216450e-14  0.886  1.305
realizedAbs      36.0  1.561203e+02  3.038209e+01  1.129759e+02  1.129759e+02  1.300781e+02  1.500745e+02  1.855123e+02  2.041734e+02  2.041734e+02  0.217 -1.468
minSpot          36.0  1.164290e-01  3.699112e-03  1.079880e-01  1.079880e-01  1.144841e-01  1.168693e-01  1.193384e-01  1.216220e-01  1.216220e-01 -0.767  0.162
maxSpot          36.0  2.021986e-01  6.308841e-03  1.950329e-01  1.950329e-01  1.963845e-01  2.019908e-01  2.073284e-01  2.140492e-01  2.140492e-01  0.345 -1.149
minCurve         36.0  1.071042e-01  2.271229e-03  1.040000e-01  1.040000e-01  1.053750e-01  1.072500e-01  1.086250e-01  1.107500e-01  1.107500e-01  0.159 -1.189
maxCurve         36.0  2.363958e-01  7.601780e-03  2.210000e-01  2.210000e-01  2.317500e-01  2.375000e-01  2.421250e-01  2.475000e-01  2.475000e-01 -0.480 -0.548
rounds           36.0  6.000000e+01  0.000000e+00  6.000000e+01  6.000000e+01  6.000000e+01  6.000000e+01  6.000000e+01  6.000000e+01  6.000000e+01  0.000  0.000
settlementLegs   36.0  8.016667e+01  1.539944e+00  7.600000e+01  7.600000e+01  7.975000e+01  8.100000e+01  8.100000e+01  8.200000e+01  8.200000e+01 -1.637  2.502
x402Total        36.0  0.000000e+00  0.000000e+00  0.000000e+00  0.000000e+00  0.000000e+00  0.000000e+00  0.000000e+00  0.000000e+00  0.000000e+00  0.000  0.000
deniedWorkers    36.0  0.000000e+00  0.000000e+00  0.000000e+00  0.000000e+00  0.000000e+00  0.000000e+00  0.000000e+00  0.000000e+00  0.000000e+00  0.000  0.000

=== Histograms — mode=basket ===

seed
  [202606301.00, 430538389.88) | ######################################## 27
  [430538389.88, 658470478.75) |                                          0
  [658470478.75, 886402567.62) |                                          0
  [886402567.62, 1114334656.50) |                                          0
  [1114334656.50, 1342266745.38) |                                          0
  [1342266745.38, 1570198834.25) |                                          0
  [1570198834.25, 1798130923.12) |                                          0
  [1798130923.12, 2026063012.00) | #############                            9

role_pnl
  [    -52.39,     -41.65) | ##############                           4
  [    -41.65,     -30.91) | ###                                      1
  [    -30.91,     -20.16) | ##############                           4
  [    -20.16,      -9.42) | #######                                  2
  [     -9.42,       1.32) | ##################                       5
  [      1.32,      12.06) | ##################                       5
  [     12.06,      22.80) | ######################################## 11
  [     22.80,      33.54) | ##############                           4

wallet_sum_pnl
  [     -0.00,      -0.00) | #############                            3
  [     -0.00,      -0.00) | ######################################## 9
  [     -0.00,      -0.00) | ##########################               6
  [     -0.00,       0.00) | ######################################## 9
  [      0.00,       0.00) | ##########################               6
  [      0.00,       0.00) |                                          0
  [      0.00,       0.00) |                                          0
  [      0.00,       0.00) | #############                            3

realizedAbs
  [    112.98,     124.38) | #############                            3
  [    124.38,     135.78) | ######################################## 9
  [    135.78,     147.17) | ##########################               6
  [    147.17,     158.57) |                                          0
  [    158.57,     169.97) | ##########################               6
  [    169.97,     181.37) |                                          0
  [    181.37,     192.77) | ##########################               6
  [    192.77,     204.17) | ##########################               6

minSpot
  [      0.11,       0.11) | ##########                               3
  [      0.11,       0.11) |                                          0
  [      0.11,       0.11) | ##########                               3
  [      0.11,       0.11) | ####################                     6
  [      0.11,       0.12) | ####################                     6
  [      0.12,       0.12) | ##########                               3
  [      0.12,       0.12) | ######################################## 12
  [      0.12,       0.12) | ##########                               3

maxSpot
  [      0.20,       0.20) | ######################################## 15
  [      0.20,       0.20) |                                          0
  [      0.20,       0.20) | ########                                 3
  [      0.20,       0.20) | ########                                 3
  [      0.20,       0.21) | ########                                 3
  [      0.21,       0.21) | ########################                 9
  [      0.21,       0.21) |                                          0
  [      0.21,       0.21) | ########                                 3

minCurve
  [      0.10,       0.10) | ##########################               6
  [      0.10,       0.11) | ######################################## 9
  [      0.11,       0.11) |                                          0
  [      0.11,       0.11) | #############                            3
  [      0.11,       0.11) | ##########################               6
  [      0.11,       0.11) | ##########################               6
  [      0.11,       0.11) |                                          0
  [      0.11,       0.11) | ##########################               6

maxCurve
  [      0.22,       0.22) | #############                            3
  [      0.22,       0.23) | #############                            3
  [      0.23,       0.23) |                                          0
  [      0.23,       0.23) | ######################################## 9
  [      0.23,       0.24) | #############                            3
  [      0.24,       0.24) | ##########################               6
  [      0.24,       0.24) | ##########################               6
  [      0.24,       0.25) | ##########################               6

rounds
  [     59.50,      59.62) |                                          0
  [     59.62,      59.75) |                                          0
  [     59.75,      59.88) |                                          0
  [     59.88,      60.00) |                                          0
  [     60.00,      60.12) | ######################################## 36
  [     60.12,      60.25) |                                          0
  [     60.25,      60.38) |                                          0
  [     60.38,      60.50) |                                          0

settlementLegs
  [     76.00,      76.75) | ######                                   3
  [     76.75,      77.50) |                                          0
  [     77.50,      78.25) |                                          0
  [     78.25,      79.00) |                                          0
  [     79.00,      79.75) | #############                            6
  [     79.75,      80.50) | #############                            6
  [     80.50,      81.25) | ######################################## 18
  [     81.25,      82.00) | ######                                   3

x402Total
  [     -0.50,      -0.38) |                                          0
  [     -0.38,      -0.25) |                                          0
  [     -0.25,      -0.12) |                                          0
  [     -0.12,       0.00) |                                          0
  [      0.00,       0.12) | ######################################## 36
  [      0.12,       0.25) |                                          0
  [      0.25,       0.38) |                                          0
  [      0.38,       0.50) |                                          0

deniedWorkers
  [     -0.50,      -0.38) |                                          0
  [     -0.38,      -0.25) |                                          0
  [     -0.25,      -0.12) |                                          0
  [     -0.12,       0.00) |                                          0
  [      0.00,       0.12) | ######################################## 36
  [      0.12,       0.25) |                                          0
  [      0.25,       0.38) |                                          0
  [      0.38,       0.50) |                                          0

=== Descriptive Statistics — mode=spread ===
                count          mean           std           min            5%           25%           50%           75%           95%           max   skew   kurt
seed             36.0  6.584705e+08  8.007802e+08  2.026063e+08  2.026063e+08  2.026063e+08  2.026063e+08  6.584705e+08  2.026063e+09  2.026063e+09  1.206 -0.582
role_pnl         36.0 -4.940609e+02  1.056977e+04 -2.465478e+04 -1.879037e+04 -6.947942e+03  1.320127e+03  7.349177e+03  1.439466e+04  1.904263e+04 -0.403 -0.359
wallet_sum_pnl   36.0 -2.557954e-13  5.119344e-12 -1.057288e-11 -1.057288e-11 -2.003731e-12  1.023182e-12  2.515321e-12  9.094947e-12  9.094947e-12 -0.500  0.185
realizedAbs      36.0  4.977539e+04  1.098475e+04  3.277444e+04  3.277444e+04  4.162169e+04  4.640741e+04  5.927749e+04  6.811620e+04  6.811620e+04  0.396 -1.076
minSpot          36.0  4.257699e+01  1.078563e+00  4.069846e+01  4.069846e+01  4.194760e+01  4.281867e+01  4.325658e+01  4.423128e+01  4.423128e+01 -0.419 -0.715
maxSpot          36.0  6.625592e+01  2.685017e+00  6.327941e+01  6.327941e+01  6.454192e+01  6.541881e+01  6.647355e+01  7.205604e+01  7.205604e+01  1.222  0.295
minCurve         36.0  3.959435e+01  1.119849e+00  3.713750e+01  3.713750e+01  3.900050e+01  3.957575e+01  4.027075e+01  4.196000e+01  4.196000e+01 -0.089  1.209
maxCurve         36.0  7.092667e+01  1.550743e+00  6.840000e+01  6.840000e+01  7.025312e+01  7.064750e+01  7.195375e+01  7.429450e+01  7.429450e+01  0.376  0.121
rounds           36.0  6.000000e+01  0.000000e+00  6.000000e+01  6.000000e+01  6.000000e+01  6.000000e+01  6.000000e+01  6.000000e+01  6.000000e+01  0.000  0.000
settlementLegs   36.0  7.991667e+01  2.169595e+00  7.500000e+01  7.500000e+01  7.875000e+01  8.050000e+01  8.125000e+01  8.300000e+01  8.300000e+01 -0.740  0.146
x402Total        36.0  0.000000e+00  0.000000e+00  0.000000e+00  0.000000e+00  0.000000e+00  0.000000e+00  0.000000e+00  0.000000e+00  0.000000e+00  0.000  0.000
deniedWorkers    36.0  0.000000e+00  0.000000e+00  0.000000e+00  0.000000e+00  0.000000e+00  0.000000e+00  0.000000e+00  0.000000e+00  0.000000e+00  0.000  0.000

=== Histograms — mode=spread ===

seed
  [202606301.00, 430538389.88) | ######################################## 27
  [430538389.88, 658470478.75) |                                          0
  [658470478.75, 886402567.62) |                                          0
  [886402567.62, 1114334656.50) |                                          0
  [1114334656.50, 1342266745.38) |                                          0
  [1342266745.38, 1570198834.25) |                                          0
  [1570198834.25, 1798130923.12) |                                          0
  [1798130923.12, 2026063012.00) | #############                            9

role_pnl
  [ -24654.78,  -19192.60) | #####                                    1
  [ -19192.60,  -13730.43) | ###############                          3
  [ -13730.43,   -8268.25) | ####################                     4
  [  -8268.25,   -2806.08) | ##############################           6
  [  -2806.08,    2656.10) | ##############################           6
  [   2656.10,    8118.28) | ######################################## 8
  [   8118.28,   13580.45) | #########################                5
  [  13580.45,   19042.63) | ###############                          3

wallet_sum_pnl
  [     -0.00,      -0.00) | ################                         6
  [     -0.00,      -0.00) |                                          0
  [     -0.00,      -0.00) | ########                                 3
  [     -0.00,      -0.00) | ########                                 3
  [     -0.00,       0.00) | ################                         6
  [      0.00,       0.00) | ######################################## 15
  [      0.00,       0.00) |                                          0
  [      0.00,       0.00) | ########                                 3

realizedAbs
  [  32774.44,   37192.16) | #############                            3
  [  37192.16,   41609.88) | ##########################               6
  [  41609.88,   46027.60) | ######################################## 9
  [  46027.60,   50445.32) | ##########################               6
  [  50445.32,   54863.04) |                                          0
  [  54863.04,   59280.76) | #############                            3
  [  59280.76,   63698.48) | #############                            3
  [  63698.48,   68116.20) | ##########################               6

minSpot
  [     40.70,      41.14) | ##########################               6
  [     41.14,      41.58) | #############                            3
  [     41.58,      42.02) |                                          0
  [     42.02,      42.46) | #############                            3
  [     42.46,      42.91) | ######################################## 9
  [     42.91,      43.35) | ######################################## 9
  [     43.35,      43.79) |                                          0
  [     43.79,      44.23) | ##########################               6

maxSpot
  [     63.28,      64.38) | ##############################           9
  [     64.38,      65.47) | ######################################## 12
  [     65.47,      66.57) | ####################                     6
  [     66.57,      67.67) |                                          0
  [     67.67,      68.76) | ##########                               3
  [     68.76,      69.86) |                                          0
  [     69.86,      70.96) |                                          0
  [     70.96,      72.06) | ####################                     6

minCurve
  [     37.14,      37.74) | ##########                               3
  [     37.74,      38.34) |                                          0
  [     38.34,      38.95) | ##########                               3
  [     38.95,      39.55) | ######################################## 12
  [     39.55,      40.15) | ####################                     6
  [     40.15,      40.75) | ##############################           9
  [     40.75,      41.36) |                                          0
  [     41.36,      41.96) | ##########                               3

maxCurve
  [     68.40,      69.14) | ####################                     6
  [     69.14,      69.87) | ##########                               3
  [     69.87,      70.61) | ####################                     6
  [     70.61,      71.35) | ####################                     6
  [     71.35,      72.08) | ######################################## 12
  [     72.08,      72.82) |                                          0
  [     72.82,      73.56) |                                          0
  [     73.56,      74.29) | ##########                               3

rounds
  [     59.50,      59.62) |                                          0
  [     59.62,      59.75) |                                          0
  [     59.75,      59.88) |                                          0
  [     59.88,      60.00) |                                          0
  [     60.00,      60.12) | ######################################## 36
  [     60.12,      60.25) |                                          0
  [     60.25,      60.38) |                                          0
  [     60.38,      60.50) |                                          0

settlementLegs
  [     75.00,      76.00) | #############                            3
  [     76.00,      77.00) |                                          0
  [     77.00,      78.00) |                                          0
  [     78.00,      79.00) | ##########################               6
  [     79.00,      80.00) | ##########################               6
  [     80.00,      81.00) | #############                            3
  [     81.00,      82.00) | ######################################## 9
  [     82.00,      83.00) | ######################################## 9

x402Total
  [     -0.50,      -0.38) |                                          0
  [     -0.38,      -0.25) |                                          0
  [     -0.25,      -0.12) |                                          0
  [     -0.12,       0.00) |                                          0
  [      0.00,       0.12) | ######################################## 36
  [      0.12,       0.25) |                                          0
  [      0.25,       0.38) |                                          0
  [      0.38,       0.50) |                                          0

deniedWorkers
  [     -0.50,      -0.38) |                                          0
  [     -0.38,      -0.25) |                                          0
  [     -0.25,      -0.12) |                                          0
  [     -0.12,       0.00) |                                          0
  [      0.00,       0.12) | ######################################## 36
  [      0.12,       0.25) |                                          0
  [      0.25,       0.38) |                                          0
  [      0.38,       0.50) |                                          0

=== Descriptive Statistics — mode=synthetic ===
                count          mean           std           min            5%           25%           50%           75%           95%           max   skew   kurt
seed             36.0  6.584705e+08  8.007802e+08  2.026063e+08  2.026063e+08  2.026063e+08  2.026063e+08  6.584705e+08  2.026063e+09  2.026063e+09  1.206 -0.582
role_pnl         36.0 -1.756604e-01  9.121701e+00 -2.057085e+01 -1.662356e+01 -5.945162e+00  1.019719e+00  7.497102e+00  1.018362e+01  1.274909e+01 -0.663 -0.486
wallet_sum_pnl   36.0  1.711594e-16  9.301128e-15 -1.798561e-14 -1.798561e-14 -5.856426e-15  1.665335e-15  7.466250e-15  1.337819e-14  1.337819e-14 -0.444 -0.828
realizedAbs      36.0  6.247513e+01  1.200707e+01  4.604906e+01  4.604906e+01  5.270842e+01  6.101774e+01  7.309606e+01  8.112811e+01  8.112811e+01  0.231 -1.434
minSpot          36.0  4.851210e-02  1.541297e-03  4.499499e-02  4.499499e-02  4.770171e-02  4.869553e-02  4.972431e-02  5.067585e-02  5.067585e-02 -0.767  0.162
maxSpot          36.0  8.424940e-02  2.628684e-03  8.126370e-02  8.126370e-02  8.182689e-02  8.416284e-02  8.638681e-02  8.918716e-02  8.918716e-02  0.345 -1.149
minCurve         36.0  4.485417e-02  1.047744e-03  4.350000e-02  4.350000e-02  4.400000e-02  4.475000e-02  4.562500e-02  4.650000e-02  4.650000e-02  0.185 -1.456
maxCurve         36.0  9.875000e-02  3.269993e-03  9.200000e-02  9.200000e-02  9.725000e-02  9.900000e-02  1.011250e-01  1.035000e-01  1.035000e-01 -0.524 -0.399
rounds           36.0  6.000000e+01  0.000000e+00  6.000000e+01  6.000000e+01  6.000000e+01  6.000000e+01  6.000000e+01  6.000000e+01  6.000000e+01  0.000  0.000
settlementLegs   36.0  8.108333e+01  1.338976e+00  7.900000e+01  7.900000e+01  8.000000e+01  8.100000e+01  8.200000e+01  8.300000e+01  8.300000e+01 -0.160 -1.074
x402Total        36.0  0.000000e+00  0.000000e+00  0.000000e+00  0.000000e+00  0.000000e+00  0.000000e+00  0.000000e+00  0.000000e+00  0.000000e+00  0.000  0.000
deniedWorkers    36.0  0.000000e+00  0.000000e+00  0.000000e+00  0.000000e+00  0.000000e+00  0.000000e+00  0.000000e+00  0.000000e+00  0.000000e+00  0.000  0.000

=== Histograms — mode=synthetic ===

seed
  [202606301.00, 430538389.88) | ######################################## 27
  [430538389.88, 658470478.75) |                                          0
  [658470478.75, 886402567.62) |                                          0
  [886402567.62, 1114334656.50) |                                          0
  [1114334656.50, 1342266745.38) |                                          0
  [1342266745.38, 1570198834.25) |                                          0
  [1570198834.25, 1798130923.12) |                                          0
  [1798130923.12, 2026063012.00) | #############                            9

role_pnl
  [    -20.57,     -16.41) | ########                                 2
  [    -16.41,     -12.24) | #############                            3
  [    -12.24,      -8.08) | ####                                     1
  [     -8.08,      -3.91) | ##########################               6
  [     -3.91,       0.25) | ######################                   5
  [      0.25,       4.42) | #############                            3
  [      4.42,       8.58) | ######################################## 9
  [      8.58,      12.75) | ###############################          7

wallet_sum_pnl
  [     -0.00,      -0.00) | #############                            3
  [     -0.00,      -0.00) | #############                            3
  [     -0.00,      -0.00) | #############                            3
  [     -0.00,      -0.00) | ##########################               6
  [     -0.00,       0.00) | #############                            3
  [      0.00,       0.00) | #############                            3
  [      0.00,       0.00) | ######################################## 9
  [      0.00,       0.00) | ##########################               6

realizedAbs
  [     46.05,      50.43) | ##########################               6
  [     50.43,      54.82) | ######################################## 9
  [     54.82,      59.20) | #############                            3
  [     59.20,      63.59) |                                          0
  [     63.59,      67.97) | ##########################               6
  [     67.97,      72.36) | #############                            3
  [     72.36,      76.74) |                                          0
  [     76.74,      81.13) | ######################################## 9

minSpot
  [      0.04,       0.05) | ##########                               3
  [      0.05,       0.05) |                                          0
  [      0.05,       0.05) | ##########                               3
  [      0.05,       0.05) | ####################                     6
  [      0.05,       0.05) | ####################                     6
  [      0.05,       0.05) | ##########                               3
  [      0.05,       0.05) | ######################################## 12
  [      0.05,       0.05) | ##########                               3

maxSpot
  [      0.08,       0.08) | ######################################## 15
  [      0.08,       0.08) |                                          0
  [      0.08,       0.08) | ########                                 3
  [      0.08,       0.09) | ########                                 3
  [      0.09,       0.09) | ########                                 3
  [      0.09,       0.09) | ########################                 9
  [      0.09,       0.09) |                                          0
  [      0.09,       0.09) | ########                                 3

minCurve
  [      0.04,       0.04) | ##########################               6
  [      0.04,       0.04) | ######################################## 9
  [      0.04,       0.04) | #############                            3
  [      0.04,       0.04) |                                          0
  [      0.04,       0.05) | #############                            3
  [      0.05,       0.05) | ##########################               6
  [      0.05,       0.05) | #############                            3
  [      0.05,       0.05) | ##########################               6

maxCurve
  [      0.09,       0.09) | #############                            3
  [      0.09,       0.09) | #############                            3
  [      0.09,       0.10) |                                          0
  [      0.10,       0.10) | ######################################## 9
  [      0.10,       0.10) | #############                            3
  [      0.10,       0.10) | ##########################               6
  [      0.10,       0.10) | ##########################               6
  [      0.10,       0.10) | ##########################               6

rounds
  [     59.50,      59.62) |                                          0
  [     59.62,      59.75) |                                          0
  [     59.75,      59.88) |                                          0
  [     59.88,      60.00) |                                          0
  [     60.00,      60.12) | ######################################## 36
  [     60.12,      60.25) |                                          0
  [     60.25,      60.38) |                                          0
  [     60.38,      60.50) |                                          0

settlementLegs
  [     79.00,      79.50) | ##########################               6
  [     79.50,      80.00) |                                          0
  [     80.00,      80.50) | ##########################               6
  [     80.50,      81.00) |                                          0
  [     81.00,      81.50) | ######################################## 9
  [     81.50,      82.00) |                                          0
  [     82.00,      82.50) | ######################################## 9
  [     82.50,      83.00) | ##########################               6

x402Total
  [     -0.50,      -0.38) |                                          0
  [     -0.38,      -0.25) |                                          0
  [     -0.25,      -0.12) |                                          0
  [     -0.12,       0.00) |                                          0
  [      0.00,       0.12) | ######################################## 36
  [      0.12,       0.25) |                                          0
  [      0.25,       0.38) |                                          0
  [      0.38,       0.50) |                                          0

deniedWorkers
  [     -0.50,      -0.38) |                                          0
  [     -0.38,      -0.25) |                                          0
  [     -0.25,      -0.12) |                                          0
  [     -0.12,       0.00) |                                          0
  [      0.00,       0.12) | ######################################## 36
  [      0.12,       0.25) |                                          0
  [      0.25,       0.38) |                                          0
  [      0.38,       0.50) |                                          0

=== Descriptive Statistics — mode=x402 ===
                count          mean           std           min            5%           25%           50%           75%           95%           max   skew   kurt
seed             36.0  6.584705e+08  8.007802e+08  2.026063e+08  2.026063e+08  2.026063e+08  2.026063e+08  6.584705e+08  2.026063e+09  2.026063e+09  1.206 -0.582
role_pnl         36.0 -1.756604e-01  9.121701e+00 -2.057085e+01 -1.662356e+01 -5.945162e+00  1.019719e+00  7.497102e+00  1.018362e+01  1.274909e+01 -0.663 -0.486
wallet_sum_pnl   36.0  1.711594e-16  9.301128e-15 -1.798561e-14 -1.798561e-14 -5.856426e-15  1.665335e-15  7.466250e-15  1.337819e-14  1.337819e-14 -0.444 -0.828
realizedAbs      36.0  6.247513e+01  1.200707e+01  4.604906e+01  4.604906e+01  5.270842e+01  6.101774e+01  7.309606e+01  8.112811e+01  8.112811e+01  0.231 -1.434
minSpot          36.0  4.851210e-02  1.541297e-03  4.499499e-02  4.499499e-02  4.770171e-02  4.869553e-02  4.972431e-02  5.067585e-02  5.067585e-02 -0.767  0.162
maxSpot          36.0  8.424940e-02  2.628684e-03  8.126370e-02  8.126370e-02  8.182689e-02  8.416284e-02  8.638681e-02  8.918716e-02  8.918716e-02  0.345 -1.149
minCurve         36.0  4.485417e-02  1.047744e-03  4.350000e-02  4.350000e-02  4.400000e-02  4.475000e-02  4.562500e-02  4.650000e-02  4.650000e-02  0.185 -1.456
maxCurve         36.0  9.875000e-02  3.269993e-03  9.200000e-02  9.200000e-02  9.725000e-02  9.900000e-02  1.011250e-01  1.035000e-01  1.035000e-01 -0.524 -0.399
rounds           36.0  6.000000e+01  0.000000e+00  6.000000e+01  6.000000e+01  6.000000e+01  6.000000e+01  6.000000e+01  6.000000e+01  6.000000e+01  0.000  0.000
settlementLegs   36.0  8.108333e+01  1.338976e+00  7.900000e+01  7.900000e+01  8.000000e+01  8.100000e+01  8.200000e+01  8.300000e+01  8.300000e+01 -0.160 -1.074
x402Total        36.0  3.167869e+02  3.395183e+01  2.753351e+02  2.753351e+02  2.874356e+02  3.057930e+02  3.574104e+02  3.625392e+02  3.625392e+02  0.218 -1.646
deniedWorkers    36.0  0.000000e+00  0.000000e+00  0.000000e+00  0.000000e+00  0.000000e+00  0.000000e+00  0.000000e+00  0.000000e+00  0.000000e+00  0.000  0.000

=== Histograms — mode=x402 ===

seed
  [202606301.00, 430538389.88) | ######################################## 27
  [430538389.88, 658470478.75) |                                          0
  [658470478.75, 886402567.62) |                                          0
  [886402567.62, 1114334656.50) |                                          0
  [1114334656.50, 1342266745.38) |                                          0
  [1342266745.38, 1570198834.25) |                                          0
  [1570198834.25, 1798130923.12) |                                          0
  [1798130923.12, 2026063012.00) | #############                            9

role_pnl
  [    -20.57,     -16.41) | ########                                 2
  [    -16.41,     -12.24) | #############                            3
  [    -12.24,      -8.08) | ####                                     1
  [     -8.08,      -3.91) | ##########################               6
  [     -3.91,       0.25) | ######################                   5
  [      0.25,       4.42) | #############                            3
  [      4.42,       8.58) | ######################################## 9
  [      8.58,      12.75) | ###############################          7

wallet_sum_pnl
  [     -0.00,      -0.00) | #############                            3
  [     -0.00,      -0.00) | #############                            3
  [     -0.00,      -0.00) | #############                            3
  [     -0.00,      -0.00) | ##########################               6
  [     -0.00,       0.00) | #############                            3
  [      0.00,       0.00) | #############                            3
  [      0.00,       0.00) | ######################################## 9
  [      0.00,       0.00) | ##########################               6

realizedAbs
  [     46.05,      50.43) | ##########################               6
  [     50.43,      54.82) | ######################################## 9
  [     54.82,      59.20) | #############                            3
  [     59.20,      63.59) |                                          0
  [     63.59,      67.97) | ##########################               6
  [     67.97,      72.36) | #############                            3
  [     72.36,      76.74) |                                          0
  [     76.74,      81.13) | ######################################## 9

minSpot
  [      0.04,       0.05) | ##########                               3
  [      0.05,       0.05) |                                          0
  [      0.05,       0.05) | ##########                               3
  [      0.05,       0.05) | ####################                     6
  [      0.05,       0.05) | ####################                     6
  [      0.05,       0.05) | ##########                               3
  [      0.05,       0.05) | ######################################## 12
  [      0.05,       0.05) | ##########                               3

maxSpot
  [      0.08,       0.08) | ######################################## 15
  [      0.08,       0.08) |                                          0
  [      0.08,       0.08) | ########                                 3
  [      0.08,       0.09) | ########                                 3
  [      0.09,       0.09) | ########                                 3
  [      0.09,       0.09) | ########################                 9
  [      0.09,       0.09) |                                          0
  [      0.09,       0.09) | ########                                 3

minCurve
  [      0.04,       0.04) | ##########################               6
  [      0.04,       0.04) | ######################################## 9
  [      0.04,       0.04) | #############                            3
  [      0.04,       0.04) |                                          0
  [      0.04,       0.05) | #############                            3
  [      0.05,       0.05) | ##########################               6
  [      0.05,       0.05) | #############                            3
  [      0.05,       0.05) | ##########################               6

maxCurve
  [      0.09,       0.09) | #############                            3
  [      0.09,       0.09) | #############                            3
  [      0.09,       0.10) |                                          0
  [      0.10,       0.10) | ######################################## 9
  [      0.10,       0.10) | #############                            3
  [      0.10,       0.10) | ##########################               6
  [      0.10,       0.10) | ##########################               6
  [      0.10,       0.10) | ##########################               6

rounds
  [     59.50,      59.62) |                                          0
  [     59.62,      59.75) |                                          0
  [     59.75,      59.88) |                                          0
  [     59.88,      60.00) |                                          0
  [     60.00,      60.12) | ######################################## 36
  [     60.12,      60.25) |                                          0
  [     60.25,      60.38) |                                          0
  [     60.38,      60.50) |                                          0

settlementLegs
  [     79.00,      79.50) | ##########################               6
  [     79.50,      80.00) |                                          0
  [     80.00,      80.50) | ##########################               6
  [     80.50,      81.00) |                                          0
  [     81.00,      81.50) | ######################################## 9
  [     81.50,      82.00) |                                          0
  [     82.00,      82.50) | ######################################## 9
  [     82.50,      83.00) | ##########################               6

x402Total
  [    275.34,     286.24) | ##############################           9
  [    286.24,     297.14) | ##########                               3
  [    297.14,     308.04) | ####################                     6
  [    308.04,     318.94) | ##########                               3
  [    318.94,     329.84) |                                          0
  [    329.84,     340.74) | ##########                               3
  [    340.74,     351.64) |                                          0
  [    351.64,     362.54) | ######################################## 12

deniedWorkers
  [     -0.50,      -0.38) |                                          0
  [     -0.38,      -0.25) |                                          0
  [     -0.25,      -0.12) |                                          0
  [     -0.12,       0.00) |                                          0
  [      0.00,       0.12) | ######################################## 36
  [      0.12,       0.25) |                                          0
  [      0.25,       0.38) |                                          0
  [      0.38,       0.50) |                                          0


Stats saved to out/programmatic-eda/compute-futures-2026-06-30/distributions_by_mode.csv
