=== Descriptive Statistics — mode=basket ===
                count          mean           std           min            5%           25%           50%           75%           95%           max   skew   kurt
seed             36.0  6.584761e+08  8.007871e+08  2.026080e+08  2.026080e+08  2.026080e+08  2.026080e+08  6.584761e+08  2.026080e+09  2.026080e+09  1.206 -0.582
role_pnl         36.0 -1.379944e+00  3.053048e+01 -6.630180e+01 -5.546668e+01 -2.767088e+01  1.834227e+00  2.155244e+01  4.072154e+01  4.723297e+01 -0.443 -0.603
wallet_sum_pnl   36.0 -1.200891e-14  2.875683e-14 -5.151435e-14 -5.151435e-14 -2.992051e-14 -1.576517e-14  8.881784e-16  5.329071e-14  5.329071e-14  0.716  0.268
realizedAbs      36.0  1.885378e+02  5.108181e+01  9.413550e+01  9.413550e+01  1.588932e+02  1.820081e+02  2.295629e+02  2.924849e+02  2.924849e+02  0.213 -0.050
minSpot          36.0  1.181911e-01  6.622512e-03  1.094645e-01  1.094645e-01  1.116846e-01  1.175759e-01  1.242959e-01  1.291114e-01  1.291114e-01  0.212 -1.479
maxSpot          36.0  2.072332e-01  7.285398e-03  1.977978e-01  1.977978e-01  2.011506e-01  2.061652e-01  2.132208e-01  2.186855e-01  2.186855e-01  0.351 -1.314
minCurve         36.0  1.105833e-01  3.304758e-03  1.045000e-01  1.045000e-01  1.096250e-01  1.107500e-01  1.128750e-01  1.150000e-01  1.150000e-01 -0.713 -0.350
maxCurve         36.0  2.463333e-01  8.399830e-03  2.285000e-01  2.285000e-01  2.430000e-01  2.457500e-01  2.506250e-01  2.620000e-01  2.620000e-01 -0.153  0.348
rounds           36.0  6.000000e+01  0.000000e+00  6.000000e+01  6.000000e+01  6.000000e+01  6.000000e+01  6.000000e+01  6.000000e+01  6.000000e+01  0.000  0.000
settlementLegs   36.0  8.000000e+01  1.549193e+00  7.700000e+01  7.700000e+01  7.900000e+01  8.000000e+01  8.100000e+01  8.300000e+01  8.300000e+01 -0.146 -0.025
x402Total        36.0  0.000000e+00  0.000000e+00  0.000000e+00  0.000000e+00  0.000000e+00  0.000000e+00  0.000000e+00  0.000000e+00  0.000000e+00  0.000  0.000
deniedWorkers    36.0  0.000000e+00  0.000000e+00  0.000000e+00  0.000000e+00  0.000000e+00  0.000000e+00  0.000000e+00  0.000000e+00  0.000000e+00  0.000  0.000

=== Histograms — mode=basket ===

seed
  [202608041.00, 430542087.38) | ######################################## 27
  [430542087.38, 658476133.75) |                                          0
  [658476133.75, 886410180.12) |                                          0
  [886410180.12, 1114344226.50) |                                          0
  [1114344226.50, 1342278272.88) |                                          0
  [1342278272.88, 1570212319.25) |                                          0
  [1570212319.25, 1798146365.62) |                                          0
  [1798146365.62, 2026080412.00) | #############                            9

role_pnl
  [    -66.30,     -52.11) | #################                        3
  [    -52.11,     -37.92) | ###########                              2
  [    -37.92,     -23.73) | ############################             5
  [    -23.73,      -9.53) | ###########                              2
  [     -9.53,       4.66) | ######################################## 7
  [      4.66,      18.85) | ##################################       6
  [     18.85,      33.04) | ######################################## 7
  [     33.04,      47.23) | ######################                   4

wallet_sum_pnl
  [     -0.00,      -0.00) | ##########################               6
  [     -0.00,      -0.00) | ##########################               6
  [     -0.00,      -0.00) | ##########################               6
  [     -0.00,       0.00) | ######################################## 9
  [      0.00,       0.00) | #############                            3
  [      0.00,       0.00) | #############                            3
  [      0.00,       0.00) |                                          0
  [      0.00,       0.00) | #############                            3

realizedAbs
  [     94.14,     118.93) | #############                            3
  [    118.93,     143.72) | #############                            3
  [    143.72,     168.52) | ##########################               6
  [    168.52,     193.31) | ######################################## 9
  [    193.31,     218.10) | #############                            3
  [    218.10,     242.90) | ######################################## 9
  [    242.90,     267.69) |                                          0
  [    267.69,     292.48) | #############                            3

minSpot
  [      0.11,       0.11) | ######################################## 12
  [      0.11,       0.11) | ##########                               3
  [      0.11,       0.12) |                                          0
  [      0.12,       0.12) | ####################                     6
  [      0.12,       0.12) |                                          0
  [      0.12,       0.12) | ####################                     6
  [      0.12,       0.13) | ####################                     6
  [      0.13,       0.13) | ##########                               3

maxSpot
  [      0.20,       0.20) | ######################################## 9
  [      0.20,       0.20) | ##########################               6
  [      0.20,       0.21) | #############                            3
  [      0.21,       0.21) | #############                            3
  [      0.21,       0.21) | #############                            3
  [      0.21,       0.21) | #############                            3
  [      0.21,       0.22) |                                          0
  [      0.22,       0.22) | ######################################## 9

minCurve
  [      0.10,       0.11) | ####################                     6
  [      0.11,       0.11) |                                          0
  [      0.11,       0.11) |                                          0
  [      0.11,       0.11) | ##########                               3
  [      0.11,       0.11) | ######################################## 12
  [      0.11,       0.11) | ##########                               3
  [      0.11,       0.11) | ##########                               3
  [      0.11,       0.12) | ##############################           9

maxCurve
  [      0.23,       0.23) | ##########                               3
  [      0.23,       0.24) |                                          0
  [      0.24,       0.24) | ##########                               3
  [      0.24,       0.25) | ######################################## 12
  [      0.25,       0.25) | ####################                     6
  [      0.25,       0.25) | ##########                               3
  [      0.25,       0.26) | ####################                     6
  [      0.26,       0.26) | ##########                               3

rounds
  [     59.50,      59.62) |                                          0
  [     59.62,      59.75) |                                          0
  [     59.75,      59.88) |                                          0
  [     59.88,      60.00) |                                          0
  [     60.00,      60.12) | ######################################## 36
  [     60.12,      60.25) |                                          0
  [     60.25,      60.38) |                                          0
  [     60.38,      60.50) |                                          0

settlementLegs
  [     77.00,      77.75) | ##########                               3
  [     77.75,      78.50) | ##########                               3
  [     78.50,      79.25) | ####################                     6
  [     79.25,      80.00) |                                          0
  [     80.00,      80.75) | ##############################           9
  [     80.75,      81.50) | ######################################## 12
  [     81.50,      82.25) |                                          0
  [     82.25,      83.00) | ##########                               3

x402Total
  [     -0.50,      -0.38) |                                          0
  [     -0.38,      -0.25) |                                          0
  [     -0.25,      -0.12) |                                          0
  [     -0.12,       0.00) |                                          0
  [      0.00,       0.12) | ######################################## 36
  [      0.12,       0.25) |                                          0
  [      0.25,       0.38) |                                          0
  [      0.38,       0.50) |                                          0

deniedWorkers
  [     -0.50,      -0.38) |                                          0
  [     -0.38,      -0.25) |                                          0
  [     -0.25,      -0.12) |                                          0
  [     -0.12,       0.00) |                                          0
  [      0.00,       0.12) | ######################################## 36
  [      0.12,       0.25) |                                          0
  [      0.25,       0.38) |                                          0
  [      0.38,       0.50) |                                          0

=== Descriptive Statistics — mode=spread ===
                count          mean           std           min            5%           25%           50%           75%           95%           max   skew   kurt
seed             36.0  6.584761e+08  8.007871e+08  2.026080e+08  2.026080e+08  2.026080e+08  2.026080e+08  6.584761e+08  2.026080e+09  2.026080e+09  1.206 -0.582
role_pnl         36.0 -3.923359e+02  9.770300e+03 -2.157286e+04 -2.049290e+04 -3.668194e+03  2.280039e+03  5.909225e+03  1.218248e+04  1.306749e+04 -0.782 -0.239
wallet_sum_pnl   36.0 -9.687066e-13  5.661605e-12 -9.549694e-12 -9.549694e-12 -6.593837e-12 -9.094947e-13  3.183231e-12  8.640200e-12  8.640200e-12  0.174 -1.113
realizedAbs      36.0  5.305171e+04  1.560502e+04  2.704934e+04  2.704934e+04  4.028743e+04  5.586514e+04  6.445673e+04  7.395963e+04  7.395963e+04 -0.259 -1.178
minSpot          36.0  4.262931e+01  1.654408e+00  4.064049e+01  4.064049e+01  4.125702e+01  4.190382e+01  4.415094e+01  4.554111e+01  4.554111e+01  0.498 -1.344
maxSpot          36.0  6.636568e+01  2.477494e+00  6.129076e+01  6.129076e+01  6.468005e+01  6.662623e+01  6.815458e+01  7.066368e+01  7.066368e+01 -0.284 -0.214
minCurve         36.0  3.954792e+01  1.104427e+00  3.645450e+01  3.645450e+01  3.945100e+01  3.978825e+01  4.008437e+01  4.100450e+01  4.100450e+01 -1.751  3.389
maxCurve         36.0  7.119358e+01  9.532067e-01  6.980150e+01  6.980150e+01  7.075938e+01  7.100125e+01  7.161938e+01  7.302000e+01  7.302000e+01  0.504 -0.552
rounds           36.0  6.000000e+01  0.000000e+00  6.000000e+01  6.000000e+01  6.000000e+01  6.000000e+01  6.000000e+01  6.000000e+01  6.000000e+01  0.000  0.000
settlementLegs   36.0  8.000000e+01  1.373213e+00  7.800000e+01  7.800000e+01  7.900000e+01  8.000000e+01  8.100000e+01  8.300000e+01  8.300000e+01  0.421  0.101
x402Total        36.0  0.000000e+00  0.000000e+00  0.000000e+00  0.000000e+00  0.000000e+00  0.000000e+00  0.000000e+00  0.000000e+00  0.000000e+00  0.000  0.000
deniedWorkers    36.0  0.000000e+00  0.000000e+00  0.000000e+00  0.000000e+00  0.000000e+00  0.000000e+00  0.000000e+00  0.000000e+00  0.000000e+00  0.000  0.000

=== Histograms — mode=spread ===

seed
  [202608041.00, 430542087.38) | ######################################## 27
  [430542087.38, 658476133.75) |                                          0
  [658476133.75, 886410180.12) |                                          0
  [886410180.12, 1114344226.50) |                                          0
  [1114344226.50, 1342278272.88) |                                          0
  [1342278272.88, 1570212319.25) |                                          0
  [1570212319.25, 1798146365.62) |                                          0
  [1798146365.62, 2026080412.00) | #############                            9

role_pnl
  [ -21572.86,  -17242.81) | ###############                          3
  [ -17242.81,  -12912.77) | ##########                               2
  [ -12912.77,   -8582.73) | ###############                          3
  [  -8582.73,   -4252.68) | #####                                    1
  [  -4252.68,      77.36) | ###################################      7
  [     77.36,    4407.41) | ##############################           6
  [   4407.41,    8737.45) | ######################################## 8
  [   8737.45,   13067.49) | ##############################           6

wallet_sum_pnl
  [     -0.00,      -0.00) | #############                            3
  [     -0.00,      -0.00) | ######################################## 9
  [     -0.00,      -0.00) | #############                            3
  [     -0.00,      -0.00) | #############                            3
  [     -0.00,       0.00) | ##########################               6
  [      0.00,       0.00) | ##########################               6
  [      0.00,       0.00) |                                          0
  [      0.00,       0.00) | ##########################               6

realizedAbs
  [  27049.34,   32913.12) | ##########################               6
  [  32913.12,   38776.91) | #############                            3
  [  38776.91,   44640.70) | #############                            3
  [  44640.70,   50504.48) |                                          0
  [  50504.48,   56368.27) | ##########################               6
  [  56368.27,   62232.06) | ##########################               6
  [  62232.06,   68095.85) | #############                            3
  [  68095.85,   73959.63) | ######################################## 9

minSpot
  [     40.64,      41.25) | ######################################## 9
  [     41.25,      41.87) | ######################################## 9
  [     41.87,      42.48) | #############                            3
  [     42.48,      43.09) |                                          0
  [     43.09,      43.70) | #############                            3
  [     43.70,      44.32) | #############                            3
  [     44.32,      44.93) | ##########################               6
  [     44.93,      45.54) | #############                            3

maxSpot
  [     61.29,      62.46) | #############                            3
  [     62.46,      63.63) |                                          0
  [     63.63,      64.81) | ######################################## 9
  [     64.81,      65.98) | #############                            3
  [     65.98,      67.15) | ######################################## 9
  [     67.15,      68.32) | ##########################               6
  [     68.32,      69.49) | #############                            3
  [     69.49,      70.66) | #############                            3

minCurve
  [     36.45,      37.02) | ##########                               3
  [     37.02,      37.59) |                                          0
  [     37.59,      38.16) |                                          0
  [     38.16,      38.73) |                                          0
  [     38.73,      39.30) | ####################                     6
  [     39.30,      39.87) | ######################################## 12
  [     39.87,      40.44) | ##############################           9
  [     40.44,      41.00) | ####################                     6

maxCurve
  [     69.80,      70.20) | ##########################               6
  [     70.20,      70.61) | #############                            3
  [     70.61,      71.01) | ######################################## 9
  [     71.01,      71.41) | ######################################## 9
  [     71.41,      71.81) |                                          0
  [     71.81,      72.22) |                                          0
  [     72.22,      72.62) | ##########################               6
  [     72.62,      73.02) | #############                            3

rounds
  [     59.50,      59.62) |                                          0
  [     59.62,      59.75) |                                          0
  [     59.75,      59.88) |                                          0
  [     59.88,      60.00) |                                          0
  [     60.00,      60.12) | ######################################## 36
  [     60.12,      60.25) |                                          0
  [     60.25,      60.38) |                                          0
  [     60.38,      60.50) |                                          0

settlementLegs
  [     78.00,      78.62) | ####################                     6
  [     78.62,      79.25) | ####################                     6
  [     79.25,      79.88) |                                          0
  [     79.88,      80.50) | ######################################## 12
  [     80.50,      81.12) | ##############################           9
  [     81.12,      81.75) |                                          0
  [     81.75,      82.38) |                                          0
  [     82.38,      83.00) | ##########                               3

x402Total
  [     -0.50,      -0.38) |                                          0
  [     -0.38,      -0.25) |                                          0
  [     -0.25,      -0.12) |                                          0
  [     -0.12,       0.00) |                                          0
  [      0.00,       0.12) | ######################################## 36
  [      0.12,       0.25) |                                          0
  [      0.25,       0.38) |                                          0
  [      0.38,       0.50) |                                          0

deniedWorkers
  [     -0.50,      -0.38) |                                          0
  [     -0.38,      -0.25) |                                          0
  [     -0.25,      -0.12) |                                          0
  [     -0.12,       0.00) |                                          0
  [      0.00,       0.12) | ######################################## 36
  [      0.12,       0.25) |                                          0
  [      0.25,       0.38) |                                          0
  [      0.38,       0.50) |                                          0

=== Descriptive Statistics — mode=synthetic ===
                count          mean           std           min            5%           25%           50%           75%           95%           max   skew   kurt
seed             36.0  6.584761e+08  8.007871e+08  2.026080e+08  2.026080e+08  2.026080e+08  2.026080e+08  6.584761e+08  2.026080e+09  2.026080e+09  1.206 -0.582
role_pnl         36.0 -5.503628e-01  1.079104e+01 -2.325429e+01 -2.049071e+01 -8.032241e+00  1.182188e+00  7.228235e+00  1.448000e+01  1.712536e+01 -0.477 -0.529
wallet_sum_pnl   36.0  1.015391e-15  7.409883e-15 -1.598721e-14 -1.598721e-14 -2.380041e-15  1.637579e-15  5.717649e-15  1.199041e-14  1.199041e-14 -0.734  0.349
realizedAbs      36.0  7.397494e+01  1.799400e+01  4.316343e+01  4.316343e+01  6.398593e+01  6.854268e+01  8.609301e+01  1.100748e+02  1.100748e+02  0.364 -0.325
minSpot          36.0  4.727643e-02  2.649005e-03  4.378579e-02  4.378579e-02  4.467385e-02  4.703038e-02  4.971837e-02  5.164454e-02  5.164454e-02  0.212 -1.479
maxSpot          36.0  8.289330e-02  2.914159e-03  7.911913e-02  7.911913e-02  8.046023e-02  8.246609e-02  8.528831e-02  8.747420e-02  8.747420e-02  0.351 -1.314
minCurve         36.0  4.435417e-02  1.217983e-03  4.200000e-02  4.200000e-02  4.400000e-02  4.450000e-02  4.500000e-02  4.600000e-02  4.600000e-02 -0.914  0.105
maxCurve         36.0  9.879167e-02  3.460749e-03  9.150000e-02  9.150000e-02  9.737500e-02  9.825000e-02  1.005000e-01  1.045000e-01  1.045000e-01 -0.127  0.136
rounds           36.0  6.000000e+01  0.000000e+00  6.000000e+01  6.000000e+01  6.000000e+01  6.000000e+01  6.000000e+01  6.000000e+01  6.000000e+01  0.000  0.000
settlementLegs   36.0  7.950000e+01  1.919821e+00  7.600000e+01  7.600000e+01  7.875000e+01  7.950000e+01  8.025000e+01  8.300000e+01  8.300000e+01  0.000 -0.363
x402Total        36.0  0.000000e+00  0.000000e+00  0.000000e+00  0.000000e+00  0.000000e+00  0.000000e+00  0.000000e+00  0.000000e+00  0.000000e+00  0.000  0.000
deniedWorkers    36.0  0.000000e+00  0.000000e+00  0.000000e+00  0.000000e+00  0.000000e+00  0.000000e+00  0.000000e+00  0.000000e+00  0.000000e+00  0.000  0.000

=== Histograms — mode=synthetic ===

seed
  [202608041.00, 430542087.38) | ######################################## 27
  [430542087.38, 658476133.75) |                                          0
  [658476133.75, 886410180.12) |                                          0
  [886410180.12, 1114344226.50) |                                          0
  [1114344226.50, 1342278272.88) |                                          0
  [1342278272.88, 1570212319.25) |                                          0
  [1570212319.25, 1798146365.62) |                                          0
  [1798146365.62, 2026080412.00) | #############                            9

role_pnl
  [    -23.25,     -18.21) | #################                        3
  [    -18.21,     -13.16) | #################                        3
  [    -13.16,      -8.11) | #################                        3
  [     -8.11,      -3.06) | #################                        3
  [     -3.06,       1.98) | ######################################## 7
  [      1.98,       7.03) | ######################################## 7
  [      7.03,      12.08) | ##################################       6
  [     12.08,      17.13) | ######################                   4

wallet_sum_pnl
  [     -0.00,      -0.00) | #############                            3
  [     -0.00,      -0.00) |                                          0
  [     -0.00,      -0.00) | #############                            3
  [     -0.00,      -0.00) | #############                            3
  [     -0.00,       0.00) | ######################################## 9
  [      0.00,       0.00) | #############                            3
  [      0.00,       0.00) | ######################################## 9
  [      0.00,       0.00) | ##########################               6

realizedAbs
  [     43.16,      51.53) | ##########                               3
  [     51.53,      59.89) | ##########                               3
  [     59.89,      68.26) | ######################################## 12
  [     68.26,      76.62) | ##########                               3
  [     76.62,      84.98) | ####################                     6
  [     84.98,      93.35) | ##########                               3
  [     93.35,     101.71) | ##########                               3
  [    101.71,     110.07) | ##########                               3

minSpot
  [      0.04,       0.04) | ######################################## 12
  [      0.04,       0.05) | ##########                               3
  [      0.05,       0.05) |                                          0
  [      0.05,       0.05) | ####################                     6
  [      0.05,       0.05) |                                          0
  [      0.05,       0.05) | ####################                     6
  [      0.05,       0.05) | ####################                     6
  [      0.05,       0.05) | ##########                               3

maxSpot
  [      0.08,       0.08) | ######################################## 9
  [      0.08,       0.08) | ##########################               6
  [      0.08,       0.08) | #############                            3
  [      0.08,       0.08) | #############                            3
  [      0.08,       0.08) | #############                            3
  [      0.08,       0.09) | #############                            3
  [      0.09,       0.09) |                                          0
  [      0.09,       0.09) | ######################################## 9

minCurve
  [      0.04,       0.04) | ##########################               6
  [      0.04,       0.04) |                                          0
  [      0.04,       0.04) |                                          0
  [      0.04,       0.04) |                                          0
  [      0.04,       0.04) | ##########################               6
  [      0.04,       0.04) | ######################################## 9
  [      0.04,       0.05) | ######################################## 9
  [      0.05,       0.05) | ##########################               6

maxCurve
  [      0.09,       0.09) | #############                            3
  [      0.09,       0.09) |                                          0
  [      0.09,       0.10) | #############                            3
  [      0.10,       0.10) | ######################################## 9
  [      0.10,       0.10) | ######################################## 9
  [      0.10,       0.10) | #############                            3
  [      0.10,       0.10) | #############                            3
  [      0.10,       0.10) | ##########################               6

rounds
  [     59.50,      59.62) |                                          0
  [     59.62,      59.75) |                                          0
  [     59.75,      59.88) |                                          0
  [     59.88,      60.00) |                                          0
  [     60.00,      60.12) | ######################################## 36
  [     60.12,      60.25) |                                          0
  [     60.25,      60.38) |                                          0
  [     60.38,      60.50) |                                          0

settlementLegs
  [     76.00,      76.88) | #############                            3
  [     76.88,      77.75) | #############                            3
  [     77.75,      78.62) | #############                            3
  [     78.62,      79.50) | ######################################## 9
  [     79.50,      80.38) | ######################################## 9
  [     80.38,      81.25) | #############                            3
  [     81.25,      82.12) | #############                            3
  [     82.12,      83.00) | #############                            3

x402Total
  [     -0.50,      -0.38) |                                          0
  [     -0.38,      -0.25) |                                          0
  [     -0.25,      -0.12) |                                          0
  [     -0.12,       0.00) |                                          0
  [      0.00,       0.12) | ######################################## 36
  [      0.12,       0.25) |                                          0
  [      0.25,       0.38) |                                          0
  [      0.38,       0.50) |                                          0

deniedWorkers
  [     -0.50,      -0.38) |                                          0
  [     -0.38,      -0.25) |                                          0
  [     -0.25,      -0.12) |                                          0
  [     -0.12,       0.00) |                                          0
  [      0.00,       0.12) | ######################################## 36
  [      0.12,       0.25) |                                          0
  [      0.25,       0.38) |                                          0
  [      0.38,       0.50) |                                          0

=== Descriptive Statistics — mode=x402 ===
                count          mean           std           min            5%           25%           50%           75%           95%           max   skew   kurt
seed             36.0  6.584761e+08  8.007871e+08  2.026080e+08  2.026080e+08  2.026080e+08  2.026080e+08  6.584761e+08  2.026080e+09  2.026080e+09  1.206 -0.582
role_pnl         36.0 -5.503628e-01  1.079104e+01 -2.325429e+01 -2.049071e+01 -8.032241e+00  1.182188e+00  7.228235e+00  1.448000e+01  1.712536e+01 -0.477 -0.529
wallet_sum_pnl   36.0  1.015391e-15  7.409883e-15 -1.598721e-14 -1.598721e-14 -2.380041e-15  1.637579e-15  5.717649e-15  1.199041e-14  1.199041e-14 -0.734  0.349
realizedAbs      36.0  7.397494e+01  1.799400e+01  4.316343e+01  4.316343e+01  6.398593e+01  6.854268e+01  8.609301e+01  1.100748e+02  1.100748e+02  0.364 -0.325
minSpot          36.0  4.727643e-02  2.649005e-03  4.378579e-02  4.378579e-02  4.467385e-02  4.703038e-02  4.971837e-02  5.164454e-02  5.164454e-02  0.212 -1.479
maxSpot          36.0  8.289330e-02  2.914159e-03  7.911913e-02  7.911913e-02  8.046023e-02  8.246609e-02  8.528831e-02  8.747420e-02  8.747420e-02  0.351 -1.314
minCurve         36.0  4.435417e-02  1.217983e-03  4.200000e-02  4.200000e-02  4.400000e-02  4.450000e-02  4.500000e-02  4.600000e-02  4.600000e-02 -0.914  0.105
maxCurve         36.0  9.879167e-02  3.460749e-03  9.150000e-02  9.150000e-02  9.737500e-02  9.825000e-02  1.005000e-01  1.045000e-01  1.045000e-01 -0.127  0.136
rounds           36.0  6.000000e+01  0.000000e+00  6.000000e+01  6.000000e+01  6.000000e+01  6.000000e+01  6.000000e+01  6.000000e+01  6.000000e+01  0.000  0.000
settlementLegs   36.0  7.950000e+01  1.919821e+00  7.600000e+01  7.600000e+01  7.875000e+01  7.950000e+01  8.025000e+01  8.300000e+01  8.300000e+01  0.000 -0.363
x402Total        36.0  3.277801e+02  3.975871e+01  2.625156e+02  2.625156e+02  3.074737e+02  3.168494e+02  3.450728e+02  4.050931e+02  4.050931e+02  0.481 -0.327
deniedWorkers    36.0  0.000000e+00  0.000000e+00  0.000000e+00  0.000000e+00  0.000000e+00  0.000000e+00  0.000000e+00  0.000000e+00  0.000000e+00  0.000  0.000

=== Histograms — mode=x402 ===

seed
  [202608041.00, 430542087.38) | ######################################## 27
  [430542087.38, 658476133.75) |                                          0
  [658476133.75, 886410180.12) |                                          0
  [886410180.12, 1114344226.50) |                                          0
  [1114344226.50, 1342278272.88) |                                          0
  [1342278272.88, 1570212319.25) |                                          0
  [1570212319.25, 1798146365.62) |                                          0
  [1798146365.62, 2026080412.00) | #############                            9

role_pnl
  [    -23.25,     -18.21) | #################                        3
  [    -18.21,     -13.16) | #################                        3
  [    -13.16,      -8.11) | #################                        3
  [     -8.11,      -3.06) | #################                        3
  [     -3.06,       1.98) | ######################################## 7
  [      1.98,       7.03) | ######################################## 7
  [      7.03,      12.08) | ##################################       6
  [     12.08,      17.13) | ######################                   4

wallet_sum_pnl
  [     -0.00,      -0.00) | #############                            3
  [     -0.00,      -0.00) |                                          0
  [     -0.00,      -0.00) | #############                            3
  [     -0.00,      -0.00) | #############                            3
  [     -0.00,       0.00) | ######################################## 9
  [      0.00,       0.00) | #############                            3
  [      0.00,       0.00) | ######################################## 9
  [      0.00,       0.00) | ##########################               6

realizedAbs
  [     43.16,      51.53) | ##########                               3
  [     51.53,      59.89) | ##########                               3
  [     59.89,      68.26) | ######################################## 12
  [     68.26,      76.62) | ##########                               3
  [     76.62,      84.98) | ####################                     6
  [     84.98,      93.35) | ##########                               3
  [     93.35,     101.71) | ##########                               3
  [    101.71,     110.07) | ##########                               3

minSpot
  [      0.04,       0.04) | ######################################## 12
  [      0.04,       0.05) | ##########                               3
  [      0.05,       0.05) |                                          0
  [      0.05,       0.05) | ####################                     6
  [      0.05,       0.05) |                                          0
  [      0.05,       0.05) | ####################                     6
  [      0.05,       0.05) | ####################                     6
  [      0.05,       0.05) | ##########                               3

maxSpot
  [      0.08,       0.08) | ######################################## 9
  [      0.08,       0.08) | ##########################               6
  [      0.08,       0.08) | #############                            3
  [      0.08,       0.08) | #############                            3
  [      0.08,       0.08) | #############                            3
  [      0.08,       0.09) | #############                            3
  [      0.09,       0.09) |                                          0
  [      0.09,       0.09) | ######################################## 9

minCurve
  [      0.04,       0.04) | ##########################               6
  [      0.04,       0.04) |                                          0
  [      0.04,       0.04) |                                          0
  [      0.04,       0.04) |                                          0
  [      0.04,       0.04) | ##########################               6
  [      0.04,       0.04) | ######################################## 9
  [      0.04,       0.05) | ######################################## 9
  [      0.05,       0.05) | ##########################               6

maxCurve
  [      0.09,       0.09) | #############                            3
  [      0.09,       0.09) |                                          0
  [      0.09,       0.10) | #############                            3
  [      0.10,       0.10) | ######################################## 9
  [      0.10,       0.10) | ######################################## 9
  [      0.10,       0.10) | #############                            3
  [      0.10,       0.10) | #############                            3
  [      0.10,       0.10) | ##########################               6

rounds
  [     59.50,      59.62) |                                          0
  [     59.62,      59.75) |                                          0
  [     59.75,      59.88) |                                          0
  [     59.88,      60.00) |                                          0
  [     60.00,      60.12) | ######################################## 36
  [     60.12,      60.25) |                                          0
  [     60.25,      60.38) |                                          0
  [     60.38,      60.50) |                                          0

settlementLegs
  [     76.00,      76.88) | #############                            3
  [     76.88,      77.75) | #############                            3
  [     77.75,      78.62) | #############                            3
  [     78.62,      79.50) | ######################################## 9
  [     79.50,      80.38) | ######################################## 9
  [     80.38,      81.25) | #############                            3
  [     81.25,      82.12) | #############                            3
  [     82.12,      83.00) | #############                            3

x402Total
  [    262.52,     280.34) | ##########                               3
  [    280.34,     298.16) | ##########                               3
  [    298.16,     315.98) | ######################################## 12
  [    315.98,     333.80) | ##########                               3
  [    333.80,     351.63) | ####################                     6
  [    351.63,     369.45) | ##########                               3
  [    369.45,     387.27) |                                          0
  [    387.27,     405.09) | ####################                     6

deniedWorkers
  [     -0.50,      -0.38) |                                          0
  [     -0.38,      -0.25) |                                          0
  [     -0.25,      -0.12) |                                          0
  [     -0.12,       0.00) |                                          0
  [      0.00,       0.12) | ######################################## 36
  [      0.12,       0.25) |                                          0
  [      0.25,       0.38) |                                          0
  [      0.38,       0.50) |                                          0


Stats saved to out/programmatic-eda/compute-futures-2026-08-04/distributions_by_mode.csv
