=== Descriptive Statistics — mode=basket ===
                count          mean           std           min            5%           25%           50%           75%           95%           max   skew   kurt
seed             36.0  6.584737e+08  8.007841e+08  2.026073e+08  2.026073e+08  2.026073e+08  2.026073e+08  6.584737e+08  2.026073e+09  2.026073e+09  1.206 -0.582
role_pnl         36.0 -3.557599e-01  3.362076e+01 -8.577221e+01 -5.459399e+01 -2.343493e+01  6.902817e+00  1.895065e+01  4.447965e+01  7.178389e+01 -0.495  0.539
wallet_sum_pnl   36.0 -1.488624e-14  3.992832e-14 -1.003642e-13 -1.003642e-13 -3.519407e-14 -5.551115e-15  1.376677e-14  4.707346e-14  4.707346e-14 -0.683 -0.096
realizedAbs      36.0  2.112309e+02  4.677271e+01  1.394992e+02  1.394992e+02  1.898235e+02  2.019979e+02  2.268345e+02  3.121062e+02  3.121062e+02  0.722  0.065
minSpot          36.0  1.202224e-01  5.825248e-03  1.109907e-01  1.109907e-01  1.136802e-01  1.225565e-01  1.249556e-01  1.273661e-01  1.273661e-01 -0.445 -1.503
maxSpot          36.0  2.092506e-01  6.545312e-03  2.014414e-01  2.014414e-01  2.040616e-01  2.076230e-01  2.135626e-01  2.230664e-01  2.230664e-01  0.712 -0.446
minCurve         36.0  1.105417e-01  3.903067e-03  1.040000e-01  1.040000e-01  1.072500e-01  1.115000e-01  1.135000e-01  1.160000e-01  1.160000e-01 -0.452 -1.147
maxCurve         36.0  2.485417e-01  8.488963e-03  2.335000e-01  2.335000e-01  2.426250e-01  2.495000e-01  2.533750e-01  2.640000e-01  2.640000e-01 -0.112 -0.596
rounds           36.0  6.000000e+01  0.000000e+00  6.000000e+01  6.000000e+01  6.000000e+01  6.000000e+01  6.000000e+01  6.000000e+01  6.000000e+01  0.000  0.000
settlementLegs   36.0  8.058333e+01  1.052209e+00  7.900000e+01  7.900000e+01  8.000000e+01  8.050000e+01  8.125000e+01  8.200000e+01  8.200000e+01  0.001 -1.183
x402Total        36.0  0.000000e+00  0.000000e+00  0.000000e+00  0.000000e+00  0.000000e+00  0.000000e+00  0.000000e+00  0.000000e+00  0.000000e+00  0.000  0.000
deniedWorkers    36.0  0.000000e+00  0.000000e+00  0.000000e+00  0.000000e+00  0.000000e+00  0.000000e+00  0.000000e+00  0.000000e+00  0.000000e+00  0.000  0.000

=== Histograms — mode=basket ===

seed
  [202607301.00, 430540514.88) | ######################################## 27
  [430540514.88, 658473728.75) |                                          0
  [658473728.75, 886406942.62) |                                          0
  [886406942.62, 1114340156.50) |                                          0
  [1114340156.50, 1342273370.38) |                                          0
  [1342273370.38, 1570206584.25) |                                          0
  [1570206584.25, 1798139798.12) |                                          0
  [1798139798.12, 2026073012.00) | #############                            9

role_pnl
  [    -85.77,     -66.08) | ########                                 2
  [    -66.08,     -46.38) | ####                                     1
  [    -46.38,     -26.69) | ####################                     5
  [    -26.69,      -6.99) | ####################                     5
  [     -6.99,      12.70) | ####################################     9
  [     12.70,      32.39) | ######################################## 10
  [     32.39,      52.09) | ########                                 2
  [     52.09,      71.78) | ########                                 2

wallet_sum_pnl
  [     -0.00,      -0.00) | #############                            3
  [     -0.00,      -0.00) | #############                            3
  [     -0.00,      -0.00) | #############                            3
  [     -0.00,      -0.00) | #############                            3
  [     -0.00,      -0.00) | ##########################               6
  [     -0.00,       0.00) | ##########################               6
  [      0.00,       0.00) | ######################################## 9
  [      0.00,       0.00) | #############                            3

realizedAbs
  [    139.50,     161.08) | ##########                               3
  [    161.08,     182.65) | ####################                     6
  [    182.65,     204.23) | ######################################## 12
  [    204.23,     225.80) | ####################                     6
  [    225.80,     247.38) |                                          0
  [    247.38,     268.95) | ##########                               3
  [    268.95,     290.53) | ##########                               3
  [    290.53,     312.11) | ##########                               3

minSpot
  [      0.11,       0.11) | ####################                     6
  [      0.11,       0.12) | ####################                     6
  [      0.12,       0.12) |                                          0
  [      0.12,       0.12) |                                          0
  [      0.12,       0.12) | ####################                     6
  [      0.12,       0.12) |                                          0
  [      0.12,       0.13) | ######################################## 12
  [      0.13,       0.13) | ####################                     6

maxSpot
  [      0.20,       0.20) | ######################################## 9
  [      0.20,       0.21) | ##########################               6
  [      0.21,       0.21) | ##########################               6
  [      0.21,       0.21) | #############                            3
  [      0.21,       0.21) | #############                            3
  [      0.21,       0.22) | ##########################               6
  [      0.22,       0.22) |                                          0
  [      0.22,       0.22) | #############                            3

minCurve
  [      0.10,       0.11) | ##########################               6
  [      0.11,       0.11) | #############                            3
  [      0.11,       0.11) | #############                            3
  [      0.11,       0.11) |                                          0
  [      0.11,       0.11) | ##########################               6
  [      0.11,       0.11) | #############                            3
  [      0.11,       0.11) | ######################################## 9
  [      0.11,       0.12) | ##########################               6

maxCurve
  [      0.23,       0.24) | #############                            3
  [      0.24,       0.24) | ##########################               6
  [      0.24,       0.24) | #############                            3
  [      0.24,       0.25) | ##########################               6
  [      0.25,       0.25) | ######################################## 9
  [      0.25,       0.26) | #############                            3
  [      0.26,       0.26) | #############                            3
  [      0.26,       0.26) | #############                            3

rounds
  [     59.50,      59.62) |                                          0
  [     59.62,      59.75) |                                          0
  [     59.75,      59.88) |                                          0
  [     59.88,      60.00) |                                          0
  [     60.00,      60.12) | ######################################## 36
  [     60.12,      60.25) |                                          0
  [     60.25,      60.38) |                                          0
  [     60.38,      60.50) |                                          0

settlementLegs
  [     79.00,      79.38) | ####################                     6
  [     79.38,      79.75) |                                          0
  [     79.75,      80.12) | ######################################## 12
  [     80.12,      80.50) |                                          0
  [     80.50,      80.88) |                                          0
  [     80.88,      81.25) | ##############################           9
  [     81.25,      81.62) |                                          0
  [     81.62,      82.00) | ##############################           9

x402Total
  [     -0.50,      -0.38) |                                          0
  [     -0.38,      -0.25) |                                          0
  [     -0.25,      -0.12) |                                          0
  [     -0.12,       0.00) |                                          0
  [      0.00,       0.12) | ######################################## 36
  [      0.12,       0.25) |                                          0
  [      0.25,       0.38) |                                          0
  [      0.38,       0.50) |                                          0

deniedWorkers
  [     -0.50,      -0.38) |                                          0
  [     -0.38,      -0.25) |                                          0
  [     -0.25,      -0.12) |                                          0
  [     -0.12,       0.00) |                                          0
  [      0.00,       0.12) | ######################################## 36
  [      0.12,       0.25) |                                          0
  [      0.25,       0.38) |                                          0
  [      0.38,       0.50) |                                          0

=== Descriptive Statistics — mode=spread ===
                count          mean           std           min            5%           25%           50%           75%           95%           max   skew   kurt
seed             36.0  6.584737e+08  8.007841e+08  2.026073e+08  2.026073e+08  2.026073e+08  2.026073e+08  6.584737e+08  2.026073e+09  2.026073e+09  1.206 -0.582
role_pnl         36.0 -3.819917e+02  7.263755e+03 -1.866383e+04 -1.399682e+04 -4.729747e+03  1.199293e+03  5.069780e+03  8.174544e+03  9.791063e+03 -0.862  0.095
wallet_sum_pnl   36.0 -1.402138e-12  4.307452e-12 -1.057288e-11 -1.057288e-11 -2.955858e-12 -5.115908e-13  1.193712e-12  3.865352e-12  3.865352e-12 -0.789 -0.239
realizedAbs      36.0  4.747417e+04  1.001663e+04  3.334723e+04  3.334723e+04  4.047366e+04  4.512400e+04  5.425105e+04  6.828963e+04  6.828963e+04  0.563 -0.511
minSpot          36.0  4.311194e+01  1.658868e+00  3.977514e+01  3.977514e+01  4.249408e+01  4.335997e+01  4.424537e+01  4.523645e+01  4.523645e+01 -0.789 -0.237
maxSpot          36.0  6.609709e+01  1.813787e+00  6.353817e+01  6.353817e+01  6.465592e+01  6.598081e+01  6.699941e+01  6.985815e+01  6.985815e+01  0.540 -0.443
minCurve         36.0  4.014467e+01  6.898838e-01  3.891400e+01  3.891400e+01  3.954738e+01  4.024900e+01  4.065662e+01  4.118200e+01  4.118200e+01 -0.254 -1.100
maxCurve         36.0  7.049996e+01  1.336052e+00  6.842000e+01  6.842000e+01  6.982162e+01  7.052800e+01  7.113863e+01  7.284450e+01  7.284450e+01 -0.063 -0.749
rounds           36.0  6.000000e+01  0.000000e+00  6.000000e+01  6.000000e+01  6.000000e+01  6.000000e+01  6.000000e+01  6.000000e+01  6.000000e+01  0.000  0.000
settlementLegs   36.0  8.033333e+01  1.723783e+00  7.700000e+01  7.700000e+01  7.900000e+01  8.050000e+01  8.200000e+01  8.300000e+01  8.300000e+01 -0.232 -0.853
x402Total        36.0  0.000000e+00  0.000000e+00  0.000000e+00  0.000000e+00  0.000000e+00  0.000000e+00  0.000000e+00  0.000000e+00  0.000000e+00  0.000  0.000
deniedWorkers    36.0  0.000000e+00  0.000000e+00  0.000000e+00  0.000000e+00  0.000000e+00  0.000000e+00  0.000000e+00  0.000000e+00  0.000000e+00  0.000  0.000

=== Histograms — mode=spread ===

seed
  [202607301.00, 430540514.88) | ######################################## 27
  [430540514.88, 658473728.75) |                                          0
  [658473728.75, 886406942.62) |                                          0
  [886406942.62, 1114340156.50) |                                          0
  [1114340156.50, 1342273370.38) |                                          0
  [1342273370.38, 1570206584.25) |                                          0
  [1570206584.25, 1798139798.12) |                                          0
  [1798139798.12, 2026073012.00) | #############                            9

role_pnl
  [ -18663.83,  -15106.97) | ########                                 2
  [ -15106.97,  -11550.11) | ####                                     1
  [ -11550.11,   -7993.25) | ############                             3
  [  -7993.25,   -4436.39) | ################                         4
  [  -4436.39,    -879.52) | ############                             3
  [   -879.52,    2677.34) | ################################         8
  [   2677.34,    6234.20) | ######################################## 10
  [   6234.20,    9791.06) | ####################                     5

wallet_sum_pnl
  [     -0.00,      -0.00) | ##########                               3
  [     -0.00,      -0.00) |                                          0
  [     -0.00,      -0.00) | ####################                     6
  [     -0.00,      -0.00) |                                          0
  [     -0.00,      -0.00) | ##########                               3
  [     -0.00,       0.00) | ######################################## 12
  [      0.00,       0.00) | ##########                               3
  [      0.00,       0.00) | ##############################           9

realizedAbs
  [  33347.23,   37715.03) | ######################################## 9
  [  37715.03,   42082.83) | ##########################               6
  [  42082.83,   46450.63) | #############                            3
  [  46450.63,   50818.43) | ##########################               6
  [  50818.43,   55186.23) | #############                            3
  [  55186.23,   59554.03) | ##########################               6
  [  59554.03,   63921.83) |                                          0
  [  63921.83,   68289.63) | #############                            3

minSpot
  [     39.78,      40.46) | ##########################               6
  [     40.46,      41.14) |                                          0
  [     41.14,      41.82) |                                          0
  [     41.82,      42.51) | #############                            3
  [     42.51,      43.19) | ##########################               6
  [     43.19,      43.87) | ##########################               6
  [     43.87,      44.55) | ##########################               6
  [     44.55,      45.24) | ######################################## 9

maxSpot
  [     63.54,      64.33) | ######################################## 9
  [     64.33,      65.12) | #############                            3
  [     65.12,      65.91) | ##########################               6
  [     65.91,      66.70) | ######################################## 9
  [     66.70,      67.49) |                                          0
  [     67.49,      68.28) | ##########################               6
  [     68.28,      69.07) |                                          0
  [     69.07,      69.86) | #############                            3

minCurve
  [     38.91,      39.20) | ####################                     3
  [     39.20,      39.48) | ######################################## 6
  [     39.48,      39.76) | ####################                     3
  [     39.76,      40.05) | ####################                     3
  [     40.05,      40.33) | ######################################## 6
  [     40.33,      40.62) | ######################################## 6
  [     40.62,      40.90) | ######################################## 6
  [     40.90,      41.18) | ####################                     3

maxCurve
  [     68.42,      68.97) | ##############################           9
  [     68.97,      69.53) |                                          0
  [     69.53,      70.08) |                                          0
  [     70.08,      70.63) | ######################################## 12
  [     70.63,      71.19) | ####################                     6
  [     71.19,      71.74) | ##########                               3
  [     71.74,      72.29) | ##########                               3
  [     72.29,      72.84) | ##########                               3

rounds
  [     59.50,      59.62) |                                          0
  [     59.62,      59.75) |                                          0
  [     59.75,      59.88) |                                          0
  [     59.88,      60.00) |                                          0
  [     60.00,      60.12) | ######################################## 36
  [     60.12,      60.25) |                                          0
  [     60.25,      60.38) |                                          0
  [     60.38,      60.50) |                                          0

settlementLegs
  [     77.00,      77.75) | ##########                               3
  [     77.75,      78.50) |                                          0
  [     78.50,      79.25) | ######################################## 12
  [     79.25,      80.00) |                                          0
  [     80.00,      80.75) | ##########                               3
  [     80.75,      81.50) | ####################                     6
  [     81.50,      82.25) | ##############################           9
  [     82.25,      83.00) | ##########                               3

x402Total
  [     -0.50,      -0.38) |                                          0
  [     -0.38,      -0.25) |                                          0
  [     -0.25,      -0.12) |                                          0
  [     -0.12,       0.00) |                                          0
  [      0.00,       0.12) | ######################################## 36
  [      0.12,       0.25) |                                          0
  [      0.25,       0.38) |                                          0
  [      0.38,       0.50) |                                          0

deniedWorkers
  [     -0.50,      -0.38) |                                          0
  [     -0.38,      -0.25) |                                          0
  [     -0.25,      -0.12) |                                          0
  [     -0.12,       0.00) |                                          0
  [      0.00,       0.12) | ######################################## 36
  [      0.12,       0.25) |                                          0
  [      0.25,       0.38) |                                          0
  [      0.38,       0.50) |                                          0

=== Descriptive Statistics — mode=synthetic ===
                count          mean           std           min            5%           25%           50%           75%           95%           max   skew   kurt
seed             36.0  6.584737e+08  8.007841e+08  2.026073e+08  2.026073e+08  2.026073e+08  2.026073e+08  6.584737e+08  2.026073e+09  2.026073e+09  1.206 -0.582
role_pnl         36.0 -5.733451e-02  1.191233e+01 -3.140755e+01 -2.008233e+01 -6.880734e+00  1.923239e+00  5.989365e+00  1.654769e+01  2.288683e+01 -0.581  0.725
wallet_sum_pnl   36.0 -2.405483e-16  1.210586e-14 -2.331468e-14 -2.331468e-14 -8.798517e-15 -6.106227e-16  9.423018e-15  1.842970e-14  1.842970e-14 -0.294 -0.806
realizedAbs      36.0  8.271672e+01  1.755111e+01  5.458751e+01  5.458751e+01  7.481763e+01  7.859881e+01  9.222337e+01  1.142990e+02  1.142990e+02  0.438 -0.560
minSpot          36.0  4.808897e-02  2.330099e-03  4.439627e-02  4.439627e-02  4.547206e-02  4.902261e-02  4.998222e-02  5.094644e-02  5.094644e-02 -0.445 -1.503
maxSpot          36.0  8.370026e-02  2.618125e-03  8.057655e-02  8.057655e-02  8.162463e-02  8.304921e-02  8.542505e-02  8.922655e-02  8.922655e-02  0.712 -0.446
minCurve         36.0  4.418750e-02  1.691760e-03  4.150000e-02  4.150000e-02  4.250000e-02  4.462500e-02  4.550000e-02  4.650000e-02  4.650000e-02 -0.465 -1.208
maxCurve         36.0  1.001667e-01  4.422346e-03  9.350000e-02  9.350000e-02  9.712500e-02  1.000000e-01  1.021250e-01  1.095000e-01  1.095000e-01  0.528 -0.128
rounds           36.0  6.000000e+01  0.000000e+00  6.000000e+01  6.000000e+01  6.000000e+01  6.000000e+01  6.000000e+01  6.000000e+01  6.000000e+01  0.000  0.000
settlementLegs   36.0  8.033333e+01  1.820518e+00  7.800000e+01  7.800000e+01  7.900000e+01  8.000000e+01  8.200000e+01  8.300000e+01  8.300000e+01  0.194 -1.526
x402Total        36.0  0.000000e+00  0.000000e+00  0.000000e+00  0.000000e+00  0.000000e+00  0.000000e+00  0.000000e+00  0.000000e+00  0.000000e+00  0.000  0.000
deniedWorkers    36.0  0.000000e+00  0.000000e+00  0.000000e+00  0.000000e+00  0.000000e+00  0.000000e+00  0.000000e+00  0.000000e+00  0.000000e+00  0.000  0.000

=== Histograms — mode=synthetic ===

seed
  [202607301.00, 430540514.88) | ######################################## 27
  [430540514.88, 658473728.75) |                                          0
  [658473728.75, 886406942.62) |                                          0
  [886406942.62, 1114340156.50) |                                          0
  [1114340156.50, 1342273370.38) |                                          0
  [1342273370.38, 1570206584.25) |                                          0
  [1570206584.25, 1798139798.12) |                                          0
  [1798139798.12, 2026073012.00) | #############                            9

role_pnl
  [    -31.41,     -24.62) | ########                                 2
  [    -24.62,     -17.83) |                                          0
  [    -17.83,     -11.05) | ####################                     5
  [    -11.05,      -4.26) | ####################                     5
  [     -4.26,       2.53) | ############################             7
  [      2.53,       9.31) | ######################################## 10
  [      9.31,      16.10) | ####################                     5
  [     16.10,      22.89) | ########                                 2

wallet_sum_pnl
  [     -0.00,      -0.00) | #############                            3
  [     -0.00,      -0.00) | #############                            3
  [     -0.00,      -0.00) | ##########################               6
  [     -0.00,      -0.00) | #############                            3
  [     -0.00,       0.00) | ##########################               6
  [      0.00,       0.00) | #############                            3
  [      0.00,       0.00) | ######################################## 9
  [      0.00,       0.00) | #############                            3

realizedAbs
  [     54.59,      62.05) | ##########                               3
  [     62.05,      69.52) | ####################                     6
  [     69.52,      76.98) | ##########                               3
  [     76.98,      84.44) | ######################################## 12
  [     84.44,      91.91) | ##########                               3
  [     91.91,      99.37) |                                          0
  [     99.37,     106.84) | ##########                               3
  [    106.84,     114.30) | ####################                     6

minSpot
  [      0.04,       0.05) | ####################                     6
  [      0.05,       0.05) | ####################                     6
  [      0.05,       0.05) |                                          0
  [      0.05,       0.05) |                                          0
  [      0.05,       0.05) | ####################                     6
  [      0.05,       0.05) |                                          0
  [      0.05,       0.05) | ######################################## 12
  [      0.05,       0.05) | ####################                     6

maxSpot
  [      0.08,       0.08) | ######################################## 9
  [      0.08,       0.08) | ##########################               6
  [      0.08,       0.08) | ##########################               6
  [      0.08,       0.08) | #############                            3
  [      0.08,       0.09) | #############                            3
  [      0.09,       0.09) | ##########################               6
  [      0.09,       0.09) |                                          0
  [      0.09,       0.09) | #############                            3

minCurve
  [      0.04,       0.04) | ######################################## 6
  [      0.04,       0.04) | ######################################## 6
  [      0.04,       0.04) |                                          0
  [      0.04,       0.04) |                                          0
  [      0.04,       0.04) | ######################################## 6
  [      0.04,       0.05) | ######################################## 6
  [      0.05,       0.05) | ######################################## 6
  [      0.05,       0.05) | ######################################## 6

maxCurve
  [      0.09,       0.10) | ##########################               6
  [      0.10,       0.10) | #############                            3
  [      0.10,       0.10) | ##########################               6
  [      0.10,       0.10) | ######################################## 9
  [      0.10,       0.10) | ##########################               6
  [      0.10,       0.11) |                                          0
  [      0.11,       0.11) | #############                            3
  [      0.11,       0.11) | #############                            3

rounds
  [     59.50,      59.62) |                                          0
  [     59.62,      59.75) |                                          0
  [     59.75,      59.88) |                                          0
  [     59.88,      60.00) |                                          0
  [     60.00,      60.12) | ######################################## 36
  [     60.12,      60.25) |                                          0
  [     60.25,      60.38) |                                          0
  [     60.38,      60.50) |                                          0

settlementLegs
  [     78.00,      78.62) | ####################                     6
  [     78.62,      79.25) | ######################################## 12
  [     79.25,      79.88) |                                          0
  [     79.88,      80.50) |                                          0
  [     80.50,      81.12) | ####################                     6
  [     81.12,      81.75) |                                          0
  [     81.75,      82.38) | ####################                     6
  [     82.38,      83.00) | ####################                     6

x402Total
  [     -0.50,      -0.38) |                                          0
  [     -0.38,      -0.25) |                                          0
  [     -0.25,      -0.12) |                                          0
  [     -0.12,       0.00) |                                          0
  [      0.00,       0.12) | ######################################## 36
  [      0.12,       0.25) |                                          0
  [      0.25,       0.38) |                                          0
  [      0.38,       0.50) |                                          0

deniedWorkers
  [     -0.50,      -0.38) |                                          0
  [     -0.38,      -0.25) |                                          0
  [     -0.25,      -0.12) |                                          0
  [     -0.12,       0.00) |                                          0
  [      0.00,       0.12) | ######################################## 36
  [      0.12,       0.25) |                                          0
  [      0.25,       0.38) |                                          0
  [      0.38,       0.50) |                                          0

=== Descriptive Statistics — mode=x402 ===
                count          mean           std           min            5%           25%           50%           75%           95%           max   skew   kurt
seed             36.0  6.584737e+08  8.007841e+08  2.026073e+08  2.026073e+08  2.026073e+08  2.026073e+08  6.584737e+08  2.026073e+09  2.026073e+09  1.206 -0.582
role_pnl         36.0 -5.733451e-02  1.191233e+01 -3.140755e+01 -2.008233e+01 -6.880734e+00  1.923239e+00  5.989365e+00  1.654769e+01  2.288683e+01 -0.581  0.725
wallet_sum_pnl   36.0 -2.405483e-16  1.210586e-14 -2.331468e-14 -2.331468e-14 -8.798517e-15 -6.106227e-16  9.423018e-15  1.842970e-14  1.842970e-14 -0.294 -0.806
realizedAbs      36.0  8.271672e+01  1.755111e+01  5.458751e+01  5.458751e+01  7.481763e+01  7.859881e+01  9.222337e+01  1.142990e+02  1.142990e+02  0.438 -0.560
minSpot          36.0  4.808897e-02  2.330099e-03  4.439627e-02  4.439627e-02  4.547206e-02  4.902261e-02  4.998222e-02  5.094644e-02  5.094644e-02 -0.445 -1.503
maxSpot          36.0  8.370026e-02  2.618125e-03  8.057655e-02  8.057655e-02  8.162463e-02  8.304921e-02  8.542505e-02  8.922655e-02  8.922655e-02  0.712 -0.446
minCurve         36.0  4.418750e-02  1.691760e-03  4.150000e-02  4.150000e-02  4.250000e-02  4.462500e-02  4.550000e-02  4.650000e-02  4.650000e-02 -0.465 -1.208
maxCurve         36.0  1.001667e-01  4.422346e-03  9.350000e-02  9.350000e-02  9.712500e-02  1.000000e-01  1.021250e-01  1.095000e-01  1.095000e-01  0.528 -0.128
rounds           36.0  6.000000e+01  0.000000e+00  6.000000e+01  6.000000e+01  6.000000e+01  6.000000e+01  6.000000e+01  6.000000e+01  6.000000e+01  0.000  0.000
settlementLegs   36.0  8.033333e+01  1.820518e+00  7.800000e+01  7.800000e+01  7.900000e+01  8.000000e+01  8.200000e+01  8.300000e+01  8.300000e+01  0.194 -1.526
x402Total        36.0  3.171723e+02  3.368602e+01  2.703511e+02  2.703511e+02  2.953230e+02  3.118389e+02  3.281636e+02  4.007167e+02  4.007167e+02  1.143  1.201
deniedWorkers    36.0  0.000000e+00  0.000000e+00  0.000000e+00  0.000000e+00  0.000000e+00  0.000000e+00  0.000000e+00  0.000000e+00  0.000000e+00  0.000  0.000

=== Histograms — mode=x402 ===

seed
  [202607301.00, 430540514.88) | ######################################## 27
  [430540514.88, 658473728.75) |                                          0
  [658473728.75, 886406942.62) |                                          0
  [886406942.62, 1114340156.50) |                                          0
  [1114340156.50, 1342273370.38) |                                          0
  [1342273370.38, 1570206584.25) |                                          0
  [1570206584.25, 1798139798.12) |                                          0
  [1798139798.12, 2026073012.00) | #############                            9

role_pnl
  [    -31.41,     -24.62) | ########                                 2
  [    -24.62,     -17.83) |                                          0
  [    -17.83,     -11.05) | ####################                     5
  [    -11.05,      -4.26) | ####################                     5
  [     -4.26,       2.53) | ############################             7
  [      2.53,       9.31) | ######################################## 10
  [      9.31,      16.10) | ####################                     5
  [     16.10,      22.89) | ########                                 2

wallet_sum_pnl
  [     -0.00,      -0.00) | #############                            3
  [     -0.00,      -0.00) | #############                            3
  [     -0.00,      -0.00) | ##########################               6
  [     -0.00,      -0.00) | #############                            3
  [     -0.00,       0.00) | ##########################               6
  [      0.00,       0.00) | #############                            3
  [      0.00,       0.00) | ######################################## 9
  [      0.00,       0.00) | #############                            3

realizedAbs
  [     54.59,      62.05) | ##########                               3
  [     62.05,      69.52) | ####################                     6
  [     69.52,      76.98) | ##########                               3
  [     76.98,      84.44) | ######################################## 12
  [     84.44,      91.91) | ##########                               3
  [     91.91,      99.37) |                                          0
  [     99.37,     106.84) | ##########                               3
  [    106.84,     114.30) | ####################                     6

minSpot
  [      0.04,       0.05) | ####################                     6
  [      0.05,       0.05) | ####################                     6
  [      0.05,       0.05) |                                          0
  [      0.05,       0.05) |                                          0
  [      0.05,       0.05) | ####################                     6
  [      0.05,       0.05) |                                          0
  [      0.05,       0.05) | ######################################## 12
  [      0.05,       0.05) | ####################                     6

maxSpot
  [      0.08,       0.08) | ######################################## 9
  [      0.08,       0.08) | ##########################               6
  [      0.08,       0.08) | ##########################               6
  [      0.08,       0.08) | #############                            3
  [      0.08,       0.09) | #############                            3
  [      0.09,       0.09) | ##########################               6
  [      0.09,       0.09) |                                          0
  [      0.09,       0.09) | #############                            3

minCurve
  [      0.04,       0.04) | ######################################## 6
  [      0.04,       0.04) | ######################################## 6
  [      0.04,       0.04) |                                          0
  [      0.04,       0.04) |                                          0
  [      0.04,       0.04) | ######################################## 6
  [      0.04,       0.05) | ######################################## 6
  [      0.05,       0.05) | ######################################## 6
  [      0.05,       0.05) | ######################################## 6

maxCurve
  [      0.09,       0.10) | ##########################               6
  [      0.10,       0.10) | #############                            3
  [      0.10,       0.10) | ##########################               6
  [      0.10,       0.10) | ######################################## 9
  [      0.10,       0.10) | ##########################               6
  [      0.10,       0.11) |                                          0
  [      0.11,       0.11) | #############                            3
  [      0.11,       0.11) | #############                            3

rounds
  [     59.50,      59.62) |                                          0
  [     59.62,      59.75) |                                          0
  [     59.75,      59.88) |                                          0
  [     59.88,      60.00) |                                          0
  [     60.00,      60.12) | ######################################## 36
  [     60.12,      60.25) |                                          0
  [     60.25,      60.38) |                                          0
  [     60.38,      60.50) |                                          0

settlementLegs
  [     78.00,      78.62) | ####################                     6
  [     78.62,      79.25) | ######################################## 12
  [     79.25,      79.88) |                                          0
  [     79.88,      80.50) |                                          0
  [     80.50,      81.12) | ####################                     6
  [     81.12,      81.75) |                                          0
  [     81.75,      82.38) | ####################                     6
  [     82.38,      83.00) | ####################                     6

x402Total
  [    270.35,     286.65) | ##########                               3
  [    286.65,     302.94) | ######################################## 12
  [    302.94,     319.24) | ##############################           9
  [    319.24,     335.53) | ##########                               3
  [    335.53,     351.83) | ##########                               3
  [    351.83,     368.13) | ##########                               3
  [    368.13,     384.42) |                                          0
  [    384.42,     400.72) | ##########                               3

deniedWorkers
  [     -0.50,      -0.38) |                                          0
  [     -0.38,      -0.25) |                                          0
  [     -0.25,      -0.12) |                                          0
  [     -0.12,       0.00) |                                          0
  [      0.00,       0.12) | ######################################## 36
  [      0.12,       0.25) |                                          0
  [      0.25,       0.38) |                                          0
  [      0.38,       0.50) |                                          0


Stats saved to out/programmatic-eda/compute-futures-2026-07-30/distributions_by_mode.csv
