=== Descriptive Statistics — mode=basket ===
                count          mean           std           min            5%           25%           50%           75%           95%           max   skew   kurt
seed             36.0  6.584735e+08  8.007839e+08  2.026072e+08  2.026072e+08  2.026072e+08  2.026072e+08  6.584735e+08  2.026072e+09  2.026072e+09  1.206 -0.582
role_pnl         36.0 -7.129336e-01  3.772628e+01 -8.549258e+01 -5.783419e+01 -2.939113e+01  3.045601e+00  2.353655e+01  4.828091e+01  7.688154e+01 -0.340 -0.170
wallet_sum_pnl   36.0  1.430337e-14  3.725140e-14 -5.573320e-14 -5.573320e-14 -8.437695e-15  2.842171e-14  3.957945e-14  6.350476e-14  6.350476e-14 -0.589 -0.815
realizedAbs      36.0  2.254520e+02  3.203174e+01  1.534457e+02  1.534457e+02  2.185983e+02  2.217988e+02  2.372712e+02  2.762672e+02  2.762672e+02 -0.387  0.685
minSpot          36.0  1.388423e-01  5.184496e-03  1.318254e-01  1.318254e-01  1.340341e-01  1.401617e-01  1.433086e-01  1.458272e-01  1.458272e-01 -0.164 -1.586
maxSpot          36.0  2.419283e-01  7.853460e-03  2.348675e-01  2.348675e-01  2.364345e-01  2.390532e-01  2.448736e-01  2.615745e-01  2.615745e-01  1.363  1.125
minCurve         36.0  1.263750e-01  3.421309e-03  1.180000e-01  1.180000e-01  1.245000e-01  1.267500e-01  1.287500e-01  1.310000e-01  1.310000e-01 -0.964  0.982
maxCurve         36.0  2.879375e-01  1.038309e-02  2.680000e-01  2.680000e-01  2.803750e-01  2.897500e-01  2.964375e-01  3.035000e-01  3.035000e-01 -0.431 -0.782
rounds           36.0  6.000000e+01  0.000000e+00  6.000000e+01  6.000000e+01  6.000000e+01  6.000000e+01  6.000000e+01  6.000000e+01  6.000000e+01  0.000  0.000
settlementLegs   36.0  8.050000e+01  1.828348e+00  7.700000e+01  7.700000e+01  7.975000e+01  8.050000e+01  8.200000e+01  8.300000e+01  8.300000e+01 -0.356 -0.701
x402Total        36.0  0.000000e+00  0.000000e+00  0.000000e+00  0.000000e+00  0.000000e+00  0.000000e+00  0.000000e+00  0.000000e+00  0.000000e+00  0.000  0.000
deniedWorkers    36.0  0.000000e+00  0.000000e+00  0.000000e+00  0.000000e+00  0.000000e+00  0.000000e+00  0.000000e+00  0.000000e+00  0.000000e+00  0.000  0.000

=== Histograms — mode=basket ===

seed
  [202607241.00, 430540387.38) | ######################################## 27
  [430540387.38, 658473533.75) |                                          0
  [658473533.75, 886406680.12) |                                          0
  [886406680.12, 1114339826.50) |                                          0
  [1114339826.50, 1342272972.88) |                                          0
  [1342272972.88, 1570206119.25) |                                          0
  [1570206119.25, 1798139265.62) |                                          0
  [1798139265.62, 2026072412.00) | #############                            9

role_pnl
  [    -85.49,     -65.20) | ##########                               2
  [    -65.20,     -44.90) | ###############                          3
  [    -44.90,     -24.60) | #########################                5
  [    -24.60,      -4.31) | ####################                     4
  [     -4.31,      15.99) | ######################################## 8
  [     15.99,      36.29) | ###################################      7
  [     36.29,      56.58) | ##############################           6
  [     56.58,      76.88) | #####                                    1

wallet_sum_pnl
  [     -0.00,      -0.00) | ##########################               6
  [     -0.00,      -0.00) |                                          0
  [     -0.00,      -0.00) | #############                            3
  [     -0.00,       0.00) | ##########################               6
  [      0.00,       0.00) |                                          0
  [      0.00,       0.00) | ##########################               6
  [      0.00,       0.00) | ######################################## 9
  [      0.00,       0.00) | ##########################               6

realizedAbs
  [    153.45,     168.80) | ########                                 3
  [    168.80,     184.15) |                                          0
  [    184.15,     199.50) | ########                                 3
  [    199.50,     214.86) | ########                                 3
  [    214.86,     230.21) | ######################################## 15
  [    230.21,     245.56) | ########                                 3
  [    245.56,     260.91) | ########                                 3
  [    260.91,     276.27) | ################                         6

minSpot
  [      0.13,       0.13) | ######################################## 9
  [      0.13,       0.14) | #############                            3
  [      0.14,       0.14) | #############                            3
  [      0.14,       0.14) |                                          0
  [      0.14,       0.14) | #############                            3
  [      0.14,       0.14) | ##########################               6
  [      0.14,       0.14) | ##########################               6
  [      0.14,       0.15) | ##########################               6

maxSpot
  [      0.23,       0.24) | ######################################## 18
  [      0.24,       0.24) | ######                                   3
  [      0.24,       0.24) | #############                            6
  [      0.24,       0.25) |                                          0
  [      0.25,       0.25) | #############                            6
  [      0.25,       0.25) |                                          0
  [      0.25,       0.26) |                                          0
  [      0.26,       0.26) | ######                                   3

minCurve
  [      0.12,       0.12) | #############                            3
  [      0.12,       0.12) |                                          0
  [      0.12,       0.12) |                                          0
  [      0.12,       0.12) | #############                            3
  [      0.12,       0.13) | ######################################## 9
  [      0.13,       0.13) | ##########################               6
  [      0.13,       0.13) | ##########################               6
  [      0.13,       0.13) | ######################################## 9

maxCurve
  [      0.27,       0.27) | #############                            3
  [      0.27,       0.28) | #############                            3
  [      0.28,       0.28) | #############                            3
  [      0.28,       0.29) | #############                            3
  [      0.29,       0.29) | ##########################               6
  [      0.29,       0.29) | ##########################               6
  [      0.29,       0.30) | ######################################## 9
  [      0.30,       0.30) | #############                            3

rounds
  [     59.50,      59.62) |                                          0
  [     59.62,      59.75) |                                          0
  [     59.75,      59.88) |                                          0
  [     59.88,      60.00) |                                          0
  [     60.00,      60.12) | ######################################## 36
  [     60.12,      60.25) |                                          0
  [     60.25,      60.38) |                                          0
  [     60.38,      60.50) |                                          0

settlementLegs
  [     77.00,      77.75) | #############                            3
  [     77.75,      78.50) | #############                            3
  [     78.50,      79.25) | #############                            3
  [     79.25,      80.00) |                                          0
  [     80.00,      80.75) | ######################################## 9
  [     80.75,      81.50) | ##########################               6
  [     81.50,      82.25) | ##########################               6
  [     82.25,      83.00) | ##########################               6

x402Total
  [     -0.50,      -0.38) |                                          0
  [     -0.38,      -0.25) |                                          0
  [     -0.25,      -0.12) |                                          0
  [     -0.12,       0.00) |                                          0
  [      0.00,       0.12) | ######################################## 36
  [      0.12,       0.25) |                                          0
  [      0.25,       0.38) |                                          0
  [      0.38,       0.50) |                                          0

deniedWorkers
  [     -0.50,      -0.38) |                                          0
  [     -0.38,      -0.25) |                                          0
  [     -0.25,      -0.12) |                                          0
  [     -0.12,       0.00) |                                          0
  [      0.00,       0.12) | ######################################## 36
  [      0.12,       0.25) |                                          0
  [      0.25,       0.38) |                                          0
  [      0.38,       0.50) |                                          0

=== Descriptive Statistics — mode=spread ===
                count          mean           std           min            5%           25%           50%           75%           95%           max   skew   kurt
seed             36.0  6.584735e+08  8.007839e+08  2.026072e+08  2.026072e+08  2.026072e+08  2.026072e+08  6.584735e+08  2.026072e+09  2.026072e+09  1.206 -0.582
role_pnl         36.0 -5.151139e+02  7.015422e+03 -1.459912e+04 -1.294963e+04 -4.023999e+03 -6.741189e+02  4.216708e+03  8.770720e+03  1.116700e+04 -0.385 -0.624
wallet_sum_pnl   36.0  7.294905e-13  5.814620e-12 -9.777068e-12 -9.777068e-12 -1.762146e-12  1.307399e-12  3.751666e-12  8.640200e-12  8.640200e-12 -0.434 -0.521
realizedAbs      36.0  4.401283e+04  9.243808e+03  2.413911e+04  2.413911e+04  3.630505e+04  4.740615e+04  5.074615e+04  5.566226e+04  5.566226e+04 -0.750 -0.428
minSpot          36.0  4.340918e+01  1.249495e+00  4.073101e+01  4.073101e+01  4.318586e+01  4.374061e+01  4.407215e+01  4.513733e+01  4.513733e+01 -0.905  0.011
maxSpot          36.0  6.574019e+01  1.526284e+00  6.292627e+01  6.292627e+01  6.450608e+01  6.563369e+01  6.705309e+01  6.778900e+01  6.778900e+01 -0.177 -1.111
minCurve         36.0  3.967492e+01  9.593461e-01  3.779700e+01  3.779700e+01  3.900975e+01  3.995375e+01  4.033537e+01  4.099200e+01  4.099200e+01 -0.533 -0.802
maxCurve         36.0  7.173979e+01  2.259544e+00  6.929750e+01  6.929750e+01  6.984862e+01  7.106525e+01  7.319662e+01  7.562150e+01  7.562150e+01  0.690 -1.024
rounds           36.0  6.000000e+01  0.000000e+00  6.000000e+01  6.000000e+01  6.000000e+01  6.000000e+01  6.000000e+01  6.000000e+01  6.000000e+01  0.000  0.000
settlementLegs   36.0  8.025000e+01  2.718981e+00  7.600000e+01  7.600000e+01  7.775000e+01  8.100000e+01  8.225000e+01  8.400000e+01  8.400000e+01 -0.442 -1.204
x402Total        36.0  0.000000e+00  0.000000e+00  0.000000e+00  0.000000e+00  0.000000e+00  0.000000e+00  0.000000e+00  0.000000e+00  0.000000e+00  0.000  0.000
deniedWorkers    36.0  0.000000e+00  0.000000e+00  0.000000e+00  0.000000e+00  0.000000e+00  0.000000e+00  0.000000e+00  0.000000e+00  0.000000e+00  0.000  0.000

=== Histograms — mode=spread ===

seed
  [202607241.00, 430540387.38) | ######################################## 27
  [430540387.38, 658473533.75) |                                          0
  [658473533.75, 886406680.12) |                                          0
  [886406680.12, 1114339826.50) |                                          0
  [1114339826.50, 1342272972.88) |                                          0
  [1342272972.88, 1570206119.25) |                                          0
  [1570206119.25, 1798139265.62) |                                          0
  [1798139265.62, 2026072412.00) | #############                            9

role_pnl
  [ -14599.12,  -11378.35) | ####################                     4
  [ -11378.35,   -8157.59) | ##########                               2
  [  -8157.59,   -4936.82) | ##########                               2
  [  -4936.82,   -1716.06) | ######################################## 8
  [  -1716.06,    1504.71) | ####################                     4
  [   1504.71,    4725.47) | ######################################## 8
  [   4725.47,    7946.24) | ###############                          3
  [   7946.24,   11167.00) | #########################                5

wallet_sum_pnl
  [     -0.00,      -0.00) | ##########################               6
  [     -0.00,      -0.00) |                                          0
  [     -0.00,      -0.00) | #############                            3
  [     -0.00,      -0.00) | #############                            3
  [     -0.00,       0.00) | ######################################## 9
  [      0.00,       0.00) | ##########################               6
  [      0.00,       0.00) |                                          0
  [      0.00,       0.00) | ######################################## 9

realizedAbs
  [  24139.11,   28079.50) | ##########                               3
  [  28079.50,   32019.90) |                                          0
  [  32019.90,   35960.29) | ####################                     6
  [  35960.29,   39900.69) | ##########                               3
  [  39900.69,   43841.08) | ##########                               3
  [  43841.08,   47781.48) | ##########                               3
  [  47781.48,   51721.87) | ######################################## 12
  [  51721.87,   55662.26) | ####################                     6

minSpot
  [     40.73,      41.28) | ########                                 3
  [     41.28,      41.83) | ########                                 3
  [     41.83,      42.38) | ########                                 3
  [     42.38,      42.93) |                                          0
  [     42.93,      43.48) |                                          0
  [     43.48,      44.04) | ######################################## 15
  [     44.04,      44.59) | ################                         6
  [     44.59,      45.14) | ################                         6

maxSpot
  [     62.93,      63.53) | #############                            3
  [     63.53,      64.14) |                                          0
  [     64.14,      64.75) | ######################################## 9
  [     64.75,      65.36) | ##########################               6
  [     65.36,      65.97) | #############                            3
  [     65.97,      66.57) |                                          0
  [     66.57,      67.18) | ######################################## 9
  [     67.18,      67.79) | ##########################               6

minCurve
  [     37.80,      38.20) | #############                            3
  [     38.20,      38.60) | ##########################               6
  [     38.60,      39.00) |                                          0
  [     39.00,      39.39) | #############                            3
  [     39.39,      39.79) | ##########################               6
  [     39.79,      40.19) | #############                            3
  [     40.19,      40.59) | ##########################               6
  [     40.59,      40.99) | ######################################## 9

maxCurve
  [     69.30,      70.09) | ######################################## 12
  [     70.09,      70.88) | ##########                               3
  [     70.88,      71.67) | ####################                     6
  [     71.67,      72.46) | ##########                               3
  [     72.46,      73.25) | ##########                               3
  [     73.25,      74.04) |                                          0
  [     74.04,      74.83) | ##########                               3
  [     74.83,      75.62) | ####################                     6

rounds
  [     59.50,      59.62) |                                          0
  [     59.62,      59.75) |                                          0
  [     59.75,      59.88) |                                          0
  [     59.88,      60.00) |                                          0
  [     60.00,      60.12) | ######################################## 36
  [     60.12,      60.25) |                                          0
  [     60.25,      60.38) |                                          0
  [     60.38,      60.50) |                                          0

settlementLegs
  [     76.00,      77.00) | ####################                     6
  [     77.00,      78.00) | ##########                               3
  [     78.00,      79.00) | ##########                               3
  [     79.00,      80.00) |                                          0
  [     80.00,      81.00) |                                          0
  [     81.00,      82.00) | ######################################## 12
  [     82.00,      83.00) | ##########                               3
  [     83.00,      84.00) | ##############################           9

x402Total
  [     -0.50,      -0.38) |                                          0
  [     -0.38,      -0.25) |                                          0
  [     -0.25,      -0.12) |                                          0
  [     -0.12,       0.00) |                                          0
  [      0.00,       0.12) | ######################################## 36
  [      0.12,       0.25) |                                          0
  [      0.25,       0.38) |                                          0
  [      0.38,       0.50) |                                          0

deniedWorkers
  [     -0.50,      -0.38) |                                          0
  [     -0.38,      -0.25) |                                          0
  [     -0.25,      -0.12) |                                          0
  [     -0.12,       0.00) |                                          0
  [      0.00,       0.12) | ######################################## 36
  [      0.12,       0.25) |                                          0
  [      0.25,       0.38) |                                          0
  [      0.38,       0.50) |                                          0

=== Descriptive Statistics — mode=synthetic ===
                count          mean           std           min            5%           25%           50%           75%           95%           max   skew   kurt
seed             36.0  6.584735e+08  8.007839e+08  2.026072e+08  2.026072e+08  2.026072e+08  2.026072e+08  6.584735e+08  2.026072e+09  2.026072e+09  1.206 -0.582
role_pnl         36.0 -4.661514e-01  1.207669e+01 -3.070076e+01 -1.894018e+01 -7.763743e+00  2.699607e+00  8.578838e+00  1.428669e+01  2.187003e+01 -0.625  0.088
wallet_sum_pnl   36.0 -2.114050e-15  8.660669e-15 -2.442491e-14 -2.442491e-14 -4.107825e-15 -3.330669e-16  3.552714e-15  9.992007e-15  9.992007e-15 -1.363  1.845
realizedAbs      36.0  7.640372e+01  1.363048e+01  4.747410e+01  4.747410e+01  7.026282e+01  7.696482e+01  8.338028e+01  1.003250e+02  1.003250e+02 -0.378  0.126
minSpot          36.0  4.787664e-02  1.787757e-03  4.545703e-02  4.545703e-02  4.621865e-02  4.833163e-02  4.941675e-02  5.028524e-02  5.028524e-02 -0.164 -1.586
maxSpot          36.0  8.342356e-02  2.708090e-03  8.098881e-02  8.098881e-02  8.152912e-02  8.243215e-02  8.443919e-02  9.019811e-02  9.019811e-02  1.363  1.125
minCurve         36.0  4.370833e-02  1.123610e-03  4.100000e-02  4.100000e-02  4.337500e-02  4.375000e-02  4.450000e-02  4.500000e-02  4.500000e-02 -1.036  0.743
maxCurve         36.0  9.937500e-02  3.592403e-03  9.250000e-02  9.250000e-02  9.662500e-02  1.000000e-01  1.022500e-01  1.045000e-01  1.045000e-01 -0.444 -0.863
rounds           36.0  6.000000e+01  0.000000e+00  6.000000e+01  6.000000e+01  6.000000e+01  6.000000e+01  6.000000e+01  6.000000e+01  6.000000e+01  0.000  0.000
settlementLegs   36.0  8.008333e+01  1.826394e+00  7.600000e+01  7.600000e+01  7.900000e+01  8.050000e+01  8.100000e+01  8.300000e+01  8.300000e+01 -0.666  0.276
x402Total        36.0  0.000000e+00  0.000000e+00  0.000000e+00  0.000000e+00  0.000000e+00  0.000000e+00  0.000000e+00  0.000000e+00  0.000000e+00  0.000  0.000
deniedWorkers    36.0  0.000000e+00  0.000000e+00  0.000000e+00  0.000000e+00  0.000000e+00  0.000000e+00  0.000000e+00  0.000000e+00  0.000000e+00  0.000  0.000

=== Histograms — mode=synthetic ===

seed
  [202607241.00, 430540387.38) | ######################################## 27
  [430540387.38, 658473533.75) |                                          0
  [658473533.75, 886406680.12) |                                          0
  [886406680.12, 1114339826.50) |                                          0
  [1114339826.50, 1342272972.88) |                                          0
  [1342272972.88, 1570206119.25) |                                          0
  [1570206119.25, 1798139265.62) |                                          0
  [1798139265.62, 2026072412.00) | #############                            9

role_pnl
  [    -30.70,     -24.13) | ########                                 2
  [    -24.13,     -17.56) |                                          0
  [    -17.56,     -10.99) | ########################                 6
  [    -10.99,      -4.42) | ############                             3
  [     -4.42,       2.16) | ############################             7
  [      2.16,       8.73) | ######################################## 10
  [      8.73,      15.30) | ########################                 6
  [     15.30,      21.87) | ########                                 2

wallet_sum_pnl
  [     -0.00,      -0.00) | ##########                               3
  [     -0.00,      -0.00) |                                          0
  [     -0.00,      -0.00) | ##########                               3
  [     -0.00,      -0.00) |                                          0
  [     -0.00,      -0.00) | ####################                     6
  [     -0.00,       0.00) | ##############################           9
  [      0.00,       0.00) | ######################################## 12
  [      0.00,       0.00) | ##########                               3

realizedAbs
  [     47.47,      54.08) | #############                            3
  [     54.08,      60.69) |                                          0
  [     60.69,      67.29) | ##########################               6
  [     67.29,      73.90) | #############                            3
  [     73.90,      80.51) | ######################################## 9
  [     80.51,      87.11) | ##########################               6
  [     87.11,      93.72) | ##########################               6
  [     93.72,     100.33) | #############                            3

minSpot
  [      0.05,       0.05) | ######################################## 9
  [      0.05,       0.05) | #############                            3
  [      0.05,       0.05) | #############                            3
  [      0.05,       0.05) |                                          0
  [      0.05,       0.05) | #############                            3
  [      0.05,       0.05) | ##########################               6
  [      0.05,       0.05) | ##########################               6
  [      0.05,       0.05) | ##########################               6

maxSpot
  [      0.08,       0.08) | ######################################## 18
  [      0.08,       0.08) | ######                                   3
  [      0.08,       0.08) | #############                            6
  [      0.08,       0.09) |                                          0
  [      0.09,       0.09) | #############                            6
  [      0.09,       0.09) |                                          0
  [      0.09,       0.09) |                                          0
  [      0.09,       0.09) | ######                                   3

minCurve
  [      0.04,       0.04) | ########                                 3
  [      0.04,       0.04) |                                          0
  [      0.04,       0.04) |                                          0
  [      0.04,       0.04) | ########                                 3
  [      0.04,       0.04) | ########                                 3
  [      0.04,       0.04) | ########################                 9
  [      0.04,       0.04) | ########                                 3
  [      0.04,       0.04) | ######################################## 15

maxCurve
  [      0.09,       0.09) | #############                            3
  [      0.09,       0.10) | #############                            3
  [      0.10,       0.10) | #############                            3
  [      0.10,       0.10) | #############                            3
  [      0.10,       0.10) | ##########################               6
  [      0.10,       0.10) | ##########################               6
  [      0.10,       0.10) | #############                            3
  [      0.10,       0.10) | ######################################## 9

rounds
  [     59.50,      59.62) |                                          0
  [     59.62,      59.75) |                                          0
  [     59.75,      59.88) |                                          0
  [     59.88,      60.00) |                                          0
  [     60.00,      60.12) | ######################################## 36
  [     60.12,      60.25) |                                          0
  [     60.25,      60.38) |                                          0
  [     60.38,      60.50) |                                          0

settlementLegs
  [     76.00,      76.88) | ##########                               3
  [     76.88,      77.75) |                                          0
  [     77.75,      78.62) | ##########                               3
  [     78.62,      79.50) | ####################                     6
  [     79.50,      80.38) | ####################                     6
  [     80.38,      81.25) | ######################################## 12
  [     81.25,      82.12) | ##########                               3
  [     82.12,      83.00) | ##########                               3

x402Total
  [     -0.50,      -0.38) |                                          0
  [     -0.38,      -0.25) |                                          0
  [     -0.25,      -0.12) |                                          0
  [     -0.12,       0.00) |                                          0
  [      0.00,       0.12) | ######################################## 36
  [      0.12,       0.25) |                                          0
  [      0.25,       0.38) |                                          0
  [      0.38,       0.50) |                                          0

deniedWorkers
  [     -0.50,      -0.38) |                                          0
  [     -0.38,      -0.25) |                                          0
  [     -0.25,      -0.12) |                                          0
  [     -0.12,       0.00) |                                          0
  [      0.00,       0.12) | ######################################## 36
  [      0.12,       0.25) |                                          0
  [      0.25,       0.38) |                                          0
  [      0.38,       0.50) |                                          0

=== Descriptive Statistics — mode=x402 ===
                count          mean           std           min            5%           25%           50%           75%           95%           max   skew   kurt
seed             36.0  6.584735e+08  8.007839e+08  2.026072e+08  2.026072e+08  2.026072e+08  2.026072e+08  6.584735e+08  2.026072e+09  2.026072e+09  1.206 -0.582
role_pnl         36.0 -4.661514e-01  1.207669e+01 -3.070076e+01 -1.894018e+01 -7.763743e+00  2.699607e+00  8.578838e+00  1.428669e+01  2.187003e+01 -0.625  0.088
wallet_sum_pnl   36.0 -2.114050e-15  8.660669e-15 -2.442491e-14 -2.442491e-14 -4.107825e-15 -3.330669e-16  3.552714e-15  9.992007e-15  9.992007e-15 -1.363  1.845
realizedAbs      36.0  7.640372e+01  1.363048e+01  4.747410e+01  4.747410e+01  7.026282e+01  7.696482e+01  8.338028e+01  1.003250e+02  1.003250e+02 -0.378  0.126
minSpot          36.0  4.787664e-02  1.787757e-03  4.545703e-02  4.545703e-02  4.621865e-02  4.833163e-02  4.941675e-02  5.028524e-02  5.028524e-02 -0.164 -1.586
maxSpot          36.0  8.342356e-02  2.708090e-03  8.098881e-02  8.098881e-02  8.152912e-02  8.243215e-02  8.443919e-02  9.019811e-02  9.019811e-02  1.363  1.125
minCurve         36.0  4.370833e-02  1.123610e-03  4.100000e-02  4.100000e-02  4.337500e-02  4.375000e-02  4.450000e-02  4.500000e-02  4.500000e-02 -1.036  0.743
maxCurve         36.0  9.937500e-02  3.592403e-03  9.250000e-02  9.250000e-02  9.662500e-02  1.000000e-01  1.022500e-01  1.045000e-01  1.045000e-01 -0.444 -0.863
rounds           36.0  6.000000e+01  0.000000e+00  6.000000e+01  6.000000e+01  6.000000e+01  6.000000e+01  6.000000e+01  6.000000e+01  6.000000e+01  0.000  0.000
settlementLegs   36.0  8.008333e+01  1.826394e+00  7.600000e+01  7.600000e+01  7.900000e+01  8.050000e+01  8.100000e+01  8.300000e+01  8.300000e+01 -0.666  0.276
x402Total        36.0  3.255477e+02  3.383734e+01  2.682350e+02  2.682350e+02  3.048823e+02  3.278234e+02  3.507084e+02  3.886283e+02  3.886283e+02 -0.023 -0.633
deniedWorkers    36.0  0.000000e+00  0.000000e+00  0.000000e+00  0.000000e+00  0.000000e+00  0.000000e+00  0.000000e+00  0.000000e+00  0.000000e+00  0.000  0.000

=== Histograms — mode=x402 ===

seed
  [202607241.00, 430540387.38) | ######################################## 27
  [430540387.38, 658473533.75) |                                          0
  [658473533.75, 886406680.12) |                                          0
  [886406680.12, 1114339826.50) |                                          0
  [1114339826.50, 1342272972.88) |                                          0
  [1342272972.88, 1570206119.25) |                                          0
  [1570206119.25, 1798139265.62) |                                          0
  [1798139265.62, 2026072412.00) | #############                            9

role_pnl
  [    -30.70,     -24.13) | ########                                 2
  [    -24.13,     -17.56) |                                          0
  [    -17.56,     -10.99) | ########################                 6
  [    -10.99,      -4.42) | ############                             3
  [     -4.42,       2.16) | ############################             7
  [      2.16,       8.73) | ######################################## 10
  [      8.73,      15.30) | ########################                 6
  [     15.30,      21.87) | ########                                 2

wallet_sum_pnl
  [     -0.00,      -0.00) | ##########                               3
  [     -0.00,      -0.00) |                                          0
  [     -0.00,      -0.00) | ##########                               3
  [     -0.00,      -0.00) |                                          0
  [     -0.00,      -0.00) | ####################                     6
  [     -0.00,       0.00) | ##############################           9
  [      0.00,       0.00) | ######################################## 12
  [      0.00,       0.00) | ##########                               3

realizedAbs
  [     47.47,      54.08) | #############                            3
  [     54.08,      60.69) |                                          0
  [     60.69,      67.29) | ##########################               6
  [     67.29,      73.90) | #############                            3
  [     73.90,      80.51) | ######################################## 9
  [     80.51,      87.11) | ##########################               6
  [     87.11,      93.72) | ##########################               6
  [     93.72,     100.33) | #############                            3

minSpot
  [      0.05,       0.05) | ######################################## 9
  [      0.05,       0.05) | #############                            3
  [      0.05,       0.05) | #############                            3
  [      0.05,       0.05) |                                          0
  [      0.05,       0.05) | #############                            3
  [      0.05,       0.05) | ##########################               6
  [      0.05,       0.05) | ##########################               6
  [      0.05,       0.05) | ##########################               6

maxSpot
  [      0.08,       0.08) | ######################################## 18
  [      0.08,       0.08) | ######                                   3
  [      0.08,       0.08) | #############                            6
  [      0.08,       0.09) |                                          0
  [      0.09,       0.09) | #############                            6
  [      0.09,       0.09) |                                          0
  [      0.09,       0.09) |                                          0
  [      0.09,       0.09) | ######                                   3

minCurve
  [      0.04,       0.04) | ########                                 3
  [      0.04,       0.04) |                                          0
  [      0.04,       0.04) |                                          0
  [      0.04,       0.04) | ########                                 3
  [      0.04,       0.04) | ########                                 3
  [      0.04,       0.04) | ########################                 9
  [      0.04,       0.04) | ########                                 3
  [      0.04,       0.04) | ######################################## 15

maxCurve
  [      0.09,       0.09) | #############                            3
  [      0.09,       0.10) | #############                            3
  [      0.10,       0.10) | #############                            3
  [      0.10,       0.10) | #############                            3
  [      0.10,       0.10) | ##########################               6
  [      0.10,       0.10) | ##########################               6
  [      0.10,       0.10) | #############                            3
  [      0.10,       0.10) | ######################################## 9

rounds
  [     59.50,      59.62) |                                          0
  [     59.62,      59.75) |                                          0
  [     59.75,      59.88) |                                          0
  [     59.88,      60.00) |                                          0
  [     60.00,      60.12) | ######################################## 36
  [     60.12,      60.25) |                                          0
  [     60.25,      60.38) |                                          0
  [     60.38,      60.50) |                                          0

settlementLegs
  [     76.00,      76.88) | ##########                               3
  [     76.88,      77.75) |                                          0
  [     77.75,      78.62) | ##########                               3
  [     78.62,      79.50) | ####################                     6
  [     79.50,      80.38) | ####################                     6
  [     80.38,      81.25) | ######################################## 12
  [     81.25,      82.12) | ##########                               3
  [     82.12,      83.00) | ##########                               3

x402Total
  [    268.24,     283.28) | ##########################               6
  [    283.28,     298.33) | #############                            3
  [    298.33,     313.38) | ##########################               6
  [    313.38,     328.43) | #############                            3
  [    328.43,     343.48) | ##########################               6
  [    343.48,     358.53) | ######################################## 9
  [    358.53,     373.58) |                                          0
  [    373.58,     388.63) | #############                            3

deniedWorkers
  [     -0.50,      -0.38) |                                          0
  [     -0.38,      -0.25) |                                          0
  [     -0.25,      -0.12) |                                          0
  [     -0.12,       0.00) |                                          0
  [      0.00,       0.12) | ######################################## 36
  [      0.12,       0.25) |                                          0
  [      0.25,       0.38) |                                          0
  [      0.38,       0.50) |                                          0


Stats saved to out/programmatic-eda/compute-futures-2026-07-24/distributions_by_mode.csv
