=== Descriptive Statistics — mode=basket ===
                count          mean           std           min            5%           25%           50%           75%           95%           max   skew   kurt
seed             36.0  6.584767e+08  8.007877e+08  2.026082e+08  2.026082e+08  2.026082e+08  2.026082e+08  6.584767e+08  2.026082e+09  2.026082e+09  1.206 -0.582
role_pnl         36.0 -8.684178e-01  2.657540e+01 -6.494752e+01 -4.807301e+01 -1.807222e+01  2.470392e+00  2.131881e+01  3.452379e+01  4.412618e+01 -0.522 -0.366
wallet_sum_pnl   36.0 -5.847175e-15  2.530462e-14 -4.884981e-14 -4.884981e-14 -1.676437e-14 -8.881784e-15  6.883383e-15  3.952394e-14  3.952394e-14  0.146 -0.401
realizedAbs      36.0  1.748550e+02  3.608169e+01  1.034949e+02  1.034949e+02  1.595329e+02  1.834469e+02  1.960216e+02  2.245259e+02  2.245259e+02 -0.779 -0.256
minSpot          36.0  1.218944e-01  3.307139e-03  1.136144e-01  1.136144e-01  1.213171e-01  1.220162e-01  1.232337e-01  1.279979e-01  1.279979e-01 -0.841  1.995
maxSpot          36.0  2.118130e-01  6.082049e-03  2.042952e-01  2.042952e-01  2.087856e-01  2.105546e-01  2.129195e-01  2.288525e-01  2.288525e-01  1.750  3.343
minCurve         36.0  1.103750e-01  4.348029e-03  1.035000e-01  1.035000e-01  1.062500e-01  1.107500e-01  1.132500e-01  1.175000e-01  1.175000e-01 -0.049 -1.093
maxCurve         36.0  2.459167e-01  5.832789e-03  2.330000e-01  2.330000e-01  2.430000e-01  2.475000e-01  2.502500e-01  2.525000e-01  2.525000e-01 -1.010  0.086
rounds           36.0  6.000000e+01  0.000000e+00  6.000000e+01  6.000000e+01  6.000000e+01  6.000000e+01  6.000000e+01  6.000000e+01  6.000000e+01  0.000  0.000
settlementLegs   36.0  8.016667e+01  1.978455e+00  7.800000e+01  7.800000e+01  7.875000e+01  7.950000e+01  8.125000e+01  8.400000e+01  8.400000e+01  0.599 -0.856
x402Total        36.0  0.000000e+00  0.000000e+00  0.000000e+00  0.000000e+00  0.000000e+00  0.000000e+00  0.000000e+00  0.000000e+00  0.000000e+00  0.000  0.000
deniedWorkers    36.0  0.000000e+00  0.000000e+00  0.000000e+00  0.000000e+00  0.000000e+00  0.000000e+00  0.000000e+00  0.000000e+00  0.000000e+00  0.000  0.000

=== Histograms — mode=basket ===

seed
  [202608211.00, 430542448.62) | ######################################## 27
  [430542448.62, 658476686.25) |                                          0
  [658476686.25, 886410923.88) |                                          0
  [886410923.88, 1114345161.50) |                                          0
  [1114345161.50, 1342279399.12) |                                          0
  [1342279399.12, 1570213636.75) |                                          0
  [1570213636.75, 1798147874.38) |                                          0
  [1798147874.38, 2026082112.00) | #############                            9

role_pnl
  [    -64.95,     -51.31) | #####                                    1
  [    -51.31,     -37.68) | ###############                          3
  [    -37.68,     -24.04) | ###############                          3
  [    -24.04,     -10.41) | #########################                5
  [    -10.41,       3.22) | ###################################      7
  [      3.22,      16.86) | #########################                5
  [     16.86,      30.49) | ######################################## 8
  [     30.49,      44.13) | ####################                     4

wallet_sum_pnl
  [     -0.00,      -0.00) | ####################                     6
  [     -0.00,      -0.00) |                                          0
  [     -0.00,      -0.00) | ##########                               3
  [     -0.00,      -0.00) | ######################################## 12
  [     -0.00,       0.00) | ####################                     6
  [      0.00,       0.00) | ##########                               3
  [      0.00,       0.00) |                                          0
  [      0.00,       0.00) | ####################                     6

realizedAbs
  [    103.49,     118.62) | ####################                     6
  [    118.62,     133.75) |                                          0
  [    133.75,     148.88) |                                          0
  [    148.88,     164.01) | ####################                     6
  [    164.01,     179.14) | ##########                               3
  [    179.14,     194.27) | ######################################## 12
  [    194.27,     209.40) | ##########                               3
  [    209.40,     224.53) | ####################                     6

minSpot
  [      0.11,       0.12) | ##########                               3
  [      0.12,       0.12) |                                          0
  [      0.12,       0.12) |                                          0
  [      0.12,       0.12) | ####################                     6
  [      0.12,       0.12) | ######################################## 12
  [      0.12,       0.12) | ##############################           9
  [      0.12,       0.13) | ##########                               3
  [      0.13,       0.13) | ##########                               3

maxSpot
  [      0.20,       0.21) | ####################                     6
  [      0.21,       0.21) | ######################################## 12
  [      0.21,       0.21) | ##############################           9
  [      0.21,       0.22) | ####################                     6
  [      0.22,       0.22) |                                          0
  [      0.22,       0.22) |                                          0
  [      0.22,       0.23) |                                          0
  [      0.23,       0.23) | ##########                               3

minCurve
  [      0.10,       0.11) | ##########################               6
  [      0.11,       0.11) | ##########################               6
  [      0.11,       0.11) |                                          0
  [      0.11,       0.11) | #############                            3
  [      0.11,       0.11) | ######################################## 9
  [      0.11,       0.11) | #############                            3
  [      0.11,       0.12) | #############                            3
  [      0.12,       0.12) | ##########################               6

maxCurve
  [      0.23,       0.24) | #############                            3
  [      0.24,       0.24) | #############                            3
  [      0.24,       0.24) |                                          0
  [      0.24,       0.24) |                                          0
  [      0.24,       0.25) | ##########################               6
  [      0.25,       0.25) | ##########################               6
  [      0.25,       0.25) | ######################################## 9
  [      0.25,       0.25) | ######################################## 9

rounds
  [     59.50,      59.62) |                                          0
  [     59.62,      59.75) |                                          0
  [     59.75,      59.88) |                                          0
  [     59.88,      60.00) |                                          0
  [     60.00,      60.12) | ######################################## 36
  [     60.12,      60.25) |                                          0
  [     60.25,      60.38) |                                          0
  [     60.38,      60.50) |                                          0

settlementLegs
  [     78.00,      78.75) | ######################################## 9
  [     78.75,      79.50) | ######################################## 9
  [     79.50,      80.25) | #############                            3
  [     80.25,      81.00) |                                          0
  [     81.00,      81.75) | ##########################               6
  [     81.75,      82.50) | #############                            3
  [     82.50,      83.25) | #############                            3
  [     83.25,      84.00) | #############                            3

x402Total
  [     -0.50,      -0.38) |                                          0
  [     -0.38,      -0.25) |                                          0
  [     -0.25,      -0.12) |                                          0
  [     -0.12,       0.00) |                                          0
  [      0.00,       0.12) | ######################################## 36
  [      0.12,       0.25) |                                          0
  [      0.25,       0.38) |                                          0
  [      0.38,       0.50) |                                          0

deniedWorkers
  [     -0.50,      -0.38) |                                          0
  [     -0.38,      -0.25) |                                          0
  [     -0.25,      -0.12) |                                          0
  [     -0.12,       0.00) |                                          0
  [      0.00,       0.12) | ######################################## 36
  [      0.12,       0.25) |                                          0
  [      0.25,       0.38) |                                          0
  [      0.38,       0.50) |                                          0

=== Descriptive Statistics — mode=spread ===
                count          mean           std           min            5%           25%           50%           75%           95%           max   skew   kurt
seed             36.0  6.584767e+08  8.007877e+08  2.026082e+08  2.026082e+08  2.026082e+08  2.026082e+08  6.584767e+08  2.026082e+09  2.026082e+09  1.206 -0.582
role_pnl         36.0 -5.537291e+02  9.237248e+03 -2.319727e+04 -1.732396e+04 -6.136446e+03  1.493848e+03  6.778343e+03  1.045039e+04  1.379895e+04 -0.743 -0.201
wallet_sum_pnl   36.0 -1.406875e-12  6.380360e-12 -1.273293e-11 -1.273293e-11 -6.366463e-12 -1.250555e-12  2.046363e-12  1.250555e-11  1.250555e-11  0.345  0.275
realizedAbs      36.0  4.867301e+04  1.244577e+04  2.543818e+04  2.543818e+04  4.179708e+04  5.080236e+04  5.788434e+04  6.629501e+04  6.629501e+04 -0.438 -0.823
minSpot          36.0  4.330876e+01  2.019223e+00  3.963403e+01  3.963403e+01  4.250838e+01  4.321390e+01  4.387630e+01  4.793265e+01  4.793265e+01  0.512  0.929
maxSpot          36.0  6.638816e+01  2.957518e+00  6.236360e+01  6.236360e+01  6.471394e+01  6.566249e+01  6.737413e+01  7.264991e+01  7.264991e+01  0.899  0.060
minCurve         36.0  3.946546e+01  1.056885e+00  3.739350e+01  3.739350e+01  3.887463e+01  3.968275e+01  4.015625e+01  4.114150e+01  4.114150e+01 -0.484 -0.464
maxCurve         36.0  7.154404e+01  1.891637e+00  6.850550e+01  6.850550e+01  7.026987e+01  7.129300e+01  7.268287e+01  7.500000e+01  7.500000e+01  0.237 -0.704
rounds           36.0  6.000000e+01  0.000000e+00  6.000000e+01  6.000000e+01  6.000000e+01  6.000000e+01  6.000000e+01  6.000000e+01  6.000000e+01  0.000  0.000
settlementLegs   36.0  8.033333e+01  1.567528e+00  7.800000e+01  7.800000e+01  7.950000e+01  8.100000e+01  8.100000e+01  8.300000e+01  8.300000e+01 -0.309 -0.777
x402Total        36.0  0.000000e+00  0.000000e+00  0.000000e+00  0.000000e+00  0.000000e+00  0.000000e+00  0.000000e+00  0.000000e+00  0.000000e+00  0.000  0.000
deniedWorkers    36.0  0.000000e+00  0.000000e+00  0.000000e+00  0.000000e+00  0.000000e+00  0.000000e+00  0.000000e+00  0.000000e+00  0.000000e+00  0.000  0.000

=== Histograms — mode=spread ===

seed
  [202608211.00, 430542448.62) | ######################################## 27
  [430542448.62, 658476686.25) |                                          0
  [658476686.25, 886410923.88) |                                          0
  [886410923.88, 1114345161.50) |                                          0
  [1114345161.50, 1342279399.12) |                                          0
  [1342279399.12, 1570213636.75) |                                          0
  [1570213636.75, 1798147874.38) |                                          0
  [1798147874.38, 2026082112.00) | #############                            9

role_pnl
  [ -23197.27,  -18572.74) | ###                                      1
  [ -18572.74,  -13948.21) | ##########                               3
  [ -13948.21,   -9323.68) | ##########                               3
  [  -9323.68,   -4699.16) | ##########                               3
  [  -4699.16,     -74.63) | ##############                           4
  [    -74.63,    4549.90) | ######################################## 11
  [   4549.90,    9174.43) | #########################                7
  [   9174.43,   13798.95) | ##############                           4

wallet_sum_pnl
  [     -0.00,      -0.00) | #############                            3
  [     -0.00,      -0.00) | #############                            3
  [     -0.00,      -0.00) | ##########################               6
  [     -0.00,      -0.00) | ######################################## 9
  [     -0.00,       0.00) | ######################################## 9
  [      0.00,       0.00) | #############                            3
  [      0.00,       0.00) |                                          0
  [      0.00,       0.00) | #############                            3

realizedAbs
  [  25438.18,   30545.28) | ######################################## 6
  [  30545.28,   35652.39) |                                          0
  [  35652.39,   40759.49) | ####################                     3
  [  40759.49,   45866.60) | ######################################## 6
  [  45866.60,   50973.70) | ####################                     3
  [  50973.70,   56080.80) | ######################################## 6
  [  56080.80,   61187.91) | ######################################## 6
  [  61187.91,   66295.01) | ######################################## 6

minSpot
  [     39.63,      40.67) | ##########                               3
  [     40.67,      41.71) | ##########                               3
  [     41.71,      42.75) | ####################                     6
  [     42.75,      43.78) | ######################################## 12
  [     43.78,      44.82) | ####################                     6
  [     44.82,      45.86) | ##########                               3
  [     45.86,      46.90) |                                          0
  [     46.90,      47.93) | ##########                               3

maxSpot
  [     62.36,      63.65) | ##########################               6
  [     63.65,      64.94) | ######################################## 9
  [     64.94,      66.22) | ##########################               6
  [     66.22,      67.51) | ##########################               6
  [     67.51,      68.79) | #############                            3
  [     68.79,      70.08) |                                          0
  [     70.08,      71.36) | #############                            3
  [     71.36,      72.65) | #############                            3

minCurve
  [     37.39,      37.86) | #############                            3
  [     37.86,      38.33) | #############                            3
  [     38.33,      38.80) | #############                            3
  [     38.80,      39.27) | #############                            3
  [     39.27,      39.74) | ##########################               6
  [     39.74,      40.20) | ######################################## 9
  [     40.20,      40.67) | ##########################               6
  [     40.67,      41.14) | #############                            3

maxCurve
  [     68.51,      69.32) | ##########################               6
  [     69.32,      70.13) | #############                            3
  [     70.13,      70.94) | #############                            3
  [     70.94,      71.75) | ######################################## 9
  [     71.75,      72.56) | ##########################               6
  [     72.56,      73.38) |                                          0
  [     73.38,      74.19) | ##########################               6
  [     74.19,      75.00) | #############                            3

rounds
  [     59.50,      59.62) |                                          0
  [     59.62,      59.75) |                                          0
  [     59.75,      59.88) |                                          0
  [     59.88,      60.00) |                                          0
  [     60.00,      60.12) | ######################################## 36
  [     60.12,      60.25) |                                          0
  [     60.25,      60.38) |                                          0
  [     60.38,      60.50) |                                          0

settlementLegs
  [     78.00,      78.62) | ########################                 9
  [     78.62,      79.25) |                                          0
  [     79.25,      79.88) |                                          0
  [     79.88,      80.50) | ################                         6
  [     80.50,      81.12) | ######################################## 15
  [     81.12,      81.75) |                                          0
  [     81.75,      82.38) | ########                                 3
  [     82.38,      83.00) | ########                                 3

x402Total
  [     -0.50,      -0.38) |                                          0
  [     -0.38,      -0.25) |                                          0
  [     -0.25,      -0.12) |                                          0
  [     -0.12,       0.00) |                                          0
  [      0.00,       0.12) | ######################################## 36
  [      0.12,       0.25) |                                          0
  [      0.25,       0.38) |                                          0
  [      0.38,       0.50) |                                          0

deniedWorkers
  [     -0.50,      -0.38) |                                          0
  [     -0.38,      -0.25) |                                          0
  [     -0.25,      -0.12) |                                          0
  [     -0.12,       0.00) |                                          0
  [      0.00,       0.12) | ######################################## 36
  [      0.12,       0.25) |                                          0
  [      0.25,       0.38) |                                          0
  [      0.38,       0.50) |                                          0

=== Descriptive Statistics — mode=synthetic ===
                count          mean           std           min            5%           25%           50%           75%           95%           max   skew   kurt
seed             36.0  6.584767e+08  8.007877e+08  2.026082e+08  2.026082e+08  2.026082e+08  2.026082e+08  6.584767e+08  2.026082e+09  2.026082e+09  1.206 -0.582
role_pnl         36.0 -2.699554e-01  9.493671e+00 -2.440303e+01 -1.842186e+01 -6.707221e+00 -1.235815e-01  7.550360e+00  1.165930e+01  1.623023e+01 -0.628  0.070
wallet_sum_pnl   36.0  2.183439e-15  1.060810e-14 -1.221245e-14 -1.221245e-14 -7.514822e-15  4.163336e-15  8.493206e-15  2.176037e-14  2.176037e-14  0.216 -1.042
realizedAbs      36.0  6.827827e+01  1.461939e+01  3.967666e+01  3.967666e+01  6.255489e+01  7.168018e+01  7.528407e+01  9.053810e+01  9.053810e+01 -0.742 -0.070
minSpot          36.0  4.875777e-02  1.322855e-03  4.544577e-02  4.544577e-02  4.852683e-02  4.880647e-02  4.929348e-02  5.119916e-02  5.119916e-02 -0.841  1.995
maxSpot          36.0  8.472521e-02  2.432819e-03  8.171807e-02  8.171807e-02  8.351424e-02  8.422186e-02  8.516782e-02  9.154100e-02  9.154100e-02  1.750  3.343
minCurve         36.0  4.414583e-02  1.664090e-03  4.150000e-02  4.150000e-02  4.287500e-02  4.425000e-02  4.512500e-02  4.700000e-02  4.700000e-02  0.100 -0.883
maxCurve         36.0  9.862500e-02  2.259504e-03  9.350000e-02  9.350000e-02  9.812500e-02  9.925000e-02  1.001250e-01  1.010000e-01  1.010000e-01 -1.211  0.370
rounds           36.0  6.000000e+01  0.000000e+00  6.000000e+01  6.000000e+01  6.000000e+01  6.000000e+01  6.000000e+01  6.000000e+01  6.000000e+01  0.000  0.000
settlementLegs   36.0  8.033333e+01  2.563480e+00  7.500000e+01  7.500000e+01  7.875000e+01  8.100000e+01  8.200000e+01  8.400000e+01  8.400000e+01 -0.652 -0.400
x402Total        36.0  0.000000e+00  0.000000e+00  0.000000e+00  0.000000e+00  0.000000e+00  0.000000e+00  0.000000e+00  0.000000e+00  0.000000e+00  0.000  0.000
deniedWorkers    36.0  0.000000e+00  0.000000e+00  0.000000e+00  0.000000e+00  0.000000e+00  0.000000e+00  0.000000e+00  0.000000e+00  0.000000e+00  0.000  0.000

=== Histograms — mode=synthetic ===

seed
  [202608211.00, 430542448.62) | ######################################## 27
  [430542448.62, 658476686.25) |                                          0
  [658476686.25, 886410923.88) |                                          0
  [886410923.88, 1114345161.50) |                                          0
  [1114345161.50, 1342279399.12) |                                          0
  [1342279399.12, 1570213636.75) |                                          0
  [1570213636.75, 1798147874.38) |                                          0
  [1798147874.38, 2026082112.00) | #############                            9

role_pnl
  [    -24.40,     -19.32) | ########                                 2
  [    -19.32,     -14.24) | ####                                     1
  [    -14.24,      -9.17) | #############                            3
  [     -9.17,      -4.09) | ######################                   5
  [     -4.09,       0.99) | ###################################      8
  [      0.99,       6.07) | ##########################               6
  [      6.07,      11.15) | ######################################## 9
  [     11.15,      16.23) | ########                                 2

wallet_sum_pnl
  [     -0.00,      -0.00) | ######################################## 9
  [     -0.00,      -0.00) | ##########################               6
  [     -0.00,       0.00) |                                          0
  [      0.00,       0.00) | ##########################               6
  [      0.00,       0.00) | ##########################               6
  [      0.00,       0.00) | #############                            3
  [      0.00,       0.00) | #############                            3
  [      0.00,       0.00) | #############                            3

realizedAbs
  [     39.68,      46.03) | ##########################               6
  [     46.03,      52.39) |                                          0
  [     52.39,      58.75) |                                          0
  [     58.75,      65.11) | ##########################               6
  [     65.11,      71.47) | ##########################               6
  [     71.47,      77.82) | ######################################## 9
  [     77.82,      84.18) | ##########################               6
  [     84.18,      90.54) | #############                            3

minSpot
  [      0.05,       0.05) | ##########                               3
  [      0.05,       0.05) |                                          0
  [      0.05,       0.05) |                                          0
  [      0.05,       0.05) | ####################                     6
  [      0.05,       0.05) | ######################################## 12
  [      0.05,       0.05) | ##############################           9
  [      0.05,       0.05) | ##########                               3
  [      0.05,       0.05) | ##########                               3

maxSpot
  [      0.08,       0.08) | ####################                     6
  [      0.08,       0.08) | ######################################## 12
  [      0.08,       0.09) | ##############################           9
  [      0.09,       0.09) | ####################                     6
  [      0.09,       0.09) |                                          0
  [      0.09,       0.09) |                                          0
  [      0.09,       0.09) |                                          0
  [      0.09,       0.09) | ##########                               3

minCurve
  [      0.04,       0.04) | ######################################## 6
  [      0.04,       0.04) | ####################                     3
  [      0.04,       0.04) | ####################                     3
  [      0.04,       0.04) | ######################################## 6
  [      0.04,       0.04) | ######################################## 6
  [      0.04,       0.05) | ######################################## 6
  [      0.05,       0.05) |                                          0
  [      0.05,       0.05) | ######################################## 6

maxCurve
  [      0.09,       0.09) | #############                            3
  [      0.09,       0.10) | #############                            3
  [      0.10,       0.10) |                                          0
  [      0.10,       0.10) | #############                            3
  [      0.10,       0.10) |                                          0
  [      0.10,       0.10) | ######################################## 9
  [      0.10,       0.10) | ######################################## 9
  [      0.10,       0.10) | ######################################## 9

rounds
  [     59.50,      59.62) |                                          0
  [     59.62,      59.75) |                                          0
  [     59.75,      59.88) |                                          0
  [     59.88,      60.00) |                                          0
  [     60.00,      60.12) | ######################################## 36
  [     60.12,      60.25) |                                          0
  [     60.25,      60.38) |                                          0
  [     60.38,      60.50) |                                          0

settlementLegs
  [     75.00,      76.12) | #############                            3
  [     76.12,      77.25) | #############                            3
  [     77.25,      78.38) | #############                            3
  [     78.38,      79.50) | #############                            3
  [     79.50,      80.62) | #############                            3
  [     80.62,      81.75) | ##########################               6
  [     81.75,      82.88) | ######################################## 9
  [     82.88,      84.00) | ##########################               6

x402Total
  [     -0.50,      -0.38) |                                          0
  [     -0.38,      -0.25) |                                          0
  [     -0.25,      -0.12) |                                          0
  [     -0.12,       0.00) |                                          0
  [      0.00,       0.12) | ######################################## 36
  [      0.12,       0.25) |                                          0
  [      0.25,       0.38) |                                          0
  [      0.38,       0.50) |                                          0

deniedWorkers
  [     -0.50,      -0.38) |                                          0
  [     -0.38,      -0.25) |                                          0
  [     -0.25,      -0.12) |                                          0
  [     -0.12,       0.00) |                                          0
  [      0.00,       0.12) | ######################################## 36
  [      0.12,       0.25) |                                          0
  [      0.25,       0.38) |                                          0
  [      0.38,       0.50) |                                          0

=== Descriptive Statistics — mode=x402 ===
                count          mean           std           min            5%           25%           50%           75%           95%           max   skew   kurt
seed             36.0  6.584767e+08  8.007877e+08  2.026082e+08  2.026082e+08  2.026082e+08  2.026082e+08  6.584767e+08  2.026082e+09  2.026082e+09  1.206 -0.582
role_pnl         36.0 -2.699554e-01  9.493671e+00 -2.440303e+01 -1.842186e+01 -6.707221e+00 -1.235815e-01  7.550360e+00  1.165930e+01  1.623023e+01 -0.628  0.070
wallet_sum_pnl   36.0  2.183439e-15  1.060810e-14 -1.221245e-14 -1.221245e-14 -7.514822e-15  4.163336e-15  8.493206e-15  2.176037e-14  2.176037e-14  0.216 -1.042
realizedAbs      36.0  6.827827e+01  1.461939e+01  3.967666e+01  3.967666e+01  6.255489e+01  7.168018e+01  7.528407e+01  9.053810e+01  9.053810e+01 -0.742 -0.070
minSpot          36.0  4.875777e-02  1.322855e-03  4.544577e-02  4.544577e-02  4.852683e-02  4.880647e-02  4.929348e-02  5.119916e-02  5.119916e-02 -0.841  1.995
maxSpot          36.0  8.472521e-02  2.432819e-03  8.171807e-02  8.171807e-02  8.351424e-02  8.422186e-02  8.516782e-02  9.154100e-02  9.154100e-02  1.750  3.343
minCurve         36.0  4.414583e-02  1.664090e-03  4.150000e-02  4.150000e-02  4.287500e-02  4.425000e-02  4.512500e-02  4.700000e-02  4.700000e-02  0.100 -0.883
maxCurve         36.0  9.862500e-02  2.259504e-03  9.350000e-02  9.350000e-02  9.812500e-02  9.925000e-02  1.001250e-01  1.010000e-01  1.010000e-01 -1.211  0.370
rounds           36.0  6.000000e+01  0.000000e+00  6.000000e+01  6.000000e+01  6.000000e+01  6.000000e+01  6.000000e+01  6.000000e+01  6.000000e+01  0.000  0.000
settlementLegs   36.0  8.033333e+01  2.563480e+00  7.500000e+01  7.500000e+01  7.875000e+01  8.100000e+01  8.200000e+01  8.400000e+01  8.400000e+01 -0.652 -0.400
x402Total        36.0  3.253664e+02  3.639398e+01  2.877906e+02  2.877906e+02  2.987104e+02  3.077890e+02  3.422227e+02  3.913834e+02  3.913834e+02  0.910 -0.780
deniedWorkers    36.0  0.000000e+00  0.000000e+00  0.000000e+00  0.000000e+00  0.000000e+00  0.000000e+00  0.000000e+00  0.000000e+00  0.000000e+00  0.000  0.000

=== Histograms — mode=x402 ===

seed
  [202608211.00, 430542448.62) | ######################################## 27
  [430542448.62, 658476686.25) |                                          0
  [658476686.25, 886410923.88) |                                          0
  [886410923.88, 1114345161.50) |                                          0
  [1114345161.50, 1342279399.12) |                                          0
  [1342279399.12, 1570213636.75) |                                          0
  [1570213636.75, 1798147874.38) |                                          0
  [1798147874.38, 2026082112.00) | #############                            9

role_pnl
  [    -24.40,     -19.32) | ########                                 2
  [    -19.32,     -14.24) | ####                                     1
  [    -14.24,      -9.17) | #############                            3
  [     -9.17,      -4.09) | ######################                   5
  [     -4.09,       0.99) | ###################################      8
  [      0.99,       6.07) | ##########################               6
  [      6.07,      11.15) | ######################################## 9
  [     11.15,      16.23) | ########                                 2

wallet_sum_pnl
  [     -0.00,      -0.00) | ######################################## 9
  [     -0.00,      -0.00) | ##########################               6
  [     -0.00,       0.00) |                                          0
  [      0.00,       0.00) | ##########################               6
  [      0.00,       0.00) | ##########################               6
  [      0.00,       0.00) | #############                            3
  [      0.00,       0.00) | #############                            3
  [      0.00,       0.00) | #############                            3

realizedAbs
  [     39.68,      46.03) | ##########################               6
  [     46.03,      52.39) |                                          0
  [     52.39,      58.75) |                                          0
  [     58.75,      65.11) | ##########################               6
  [     65.11,      71.47) | ##########################               6
  [     71.47,      77.82) | ######################################## 9
  [     77.82,      84.18) | ##########################               6
  [     84.18,      90.54) | #############                            3

minSpot
  [      0.05,       0.05) | ##########                               3
  [      0.05,       0.05) |                                          0
  [      0.05,       0.05) |                                          0
  [      0.05,       0.05) | ####################                     6
  [      0.05,       0.05) | ######################################## 12
  [      0.05,       0.05) | ##############################           9
  [      0.05,       0.05) | ##########                               3
  [      0.05,       0.05) | ##########                               3

maxSpot
  [      0.08,       0.08) | ####################                     6
  [      0.08,       0.08) | ######################################## 12
  [      0.08,       0.09) | ##############################           9
  [      0.09,       0.09) | ####################                     6
  [      0.09,       0.09) |                                          0
  [      0.09,       0.09) |                                          0
  [      0.09,       0.09) |                                          0
  [      0.09,       0.09) | ##########                               3

minCurve
  [      0.04,       0.04) | ######################################## 6
  [      0.04,       0.04) | ####################                     3
  [      0.04,       0.04) | ####################                     3
  [      0.04,       0.04) | ######################################## 6
  [      0.04,       0.04) | ######################################## 6
  [      0.04,       0.05) | ######################################## 6
  [      0.05,       0.05) |                                          0
  [      0.05,       0.05) | ######################################## 6

maxCurve
  [      0.09,       0.09) | #############                            3
  [      0.09,       0.10) | #############                            3
  [      0.10,       0.10) |                                          0
  [      0.10,       0.10) | #############                            3
  [      0.10,       0.10) |                                          0
  [      0.10,       0.10) | ######################################## 9
  [      0.10,       0.10) | ######################################## 9
  [      0.10,       0.10) | ######################################## 9

rounds
  [     59.50,      59.62) |                                          0
  [     59.62,      59.75) |                                          0
  [     59.75,      59.88) |                                          0
  [     59.88,      60.00) |                                          0
  [     60.00,      60.12) | ######################################## 36
  [     60.12,      60.25) |                                          0
  [     60.25,      60.38) |                                          0
  [     60.38,      60.50) |                                          0

settlementLegs
  [     75.00,      76.12) | #############                            3
  [     76.12,      77.25) | #############                            3
  [     77.25,      78.38) | #############                            3
  [     78.38,      79.50) | #############                            3
  [     79.50,      80.62) | #############                            3
  [     80.62,      81.75) | ##########################               6
  [     81.75,      82.88) | ######################################## 9
  [     82.88,      84.00) | ##########################               6

x402Total
  [    287.79,     300.74) | ######################################## 12
  [    300.74,     313.69) | ##############################           9
  [    313.69,     326.64) | ##########                               3
  [    326.64,     339.59) | ##########                               3
  [    339.59,     352.54) |                                          0
  [    352.54,     365.49) |                                          0
  [    365.49,     378.43) | ##########                               3
  [    378.43,     391.38) | ####################                     6

deniedWorkers
  [     -0.50,      -0.38) |                                          0
  [     -0.38,      -0.25) |                                          0
  [     -0.25,      -0.12) |                                          0
  [     -0.12,       0.00) |                                          0
  [      0.00,       0.12) | ######################################## 36
  [      0.12,       0.25) |                                          0
  [      0.25,       0.38) |                                          0
  [      0.38,       0.50) |                                          0


Stats saved to out/programmatic-eda/compute-futures-2026-08-21/distributions_by_mode.csv
