=== Descriptive Statistics — mode=basket ===
                count          mean           std           min            5%           25%           50%           75%           95%           max   skew   kurt
seed             36.0  6.584766e+08  8.007876e+08  2.026082e+08  2.026082e+08  2.026082e+08  2.026082e+08  6.584766e+08  2.026082e+09  2.026082e+09  1.206 -0.582
role_pnl         36.0 -1.242299e+00  3.478276e+01 -8.868128e+01 -7.366281e+01 -1.985859e+01  4.555509e+00  2.526889e+01  4.024674e+01  4.525452e+01 -0.887  0.191
wallet_sum_pnl   36.0 -1.150006e-14  2.348110e-14 -5.329071e-14 -5.329071e-14 -2.667311e-14 -1.287859e-14  6.550316e-15  3.219647e-14  3.219647e-14  0.044 -0.658
realizedAbs      36.0  1.902058e+02  5.365703e+01  1.044591e+02  1.044591e+02  1.461155e+02  1.943269e+02  2.233259e+02  2.833199e+02  2.833199e+02  0.012 -1.063
minSpot          36.0  1.203363e-01  5.060920e-03  1.107692e-01  1.107692e-01  1.182912e-01  1.205255e-01  1.242868e-01  1.281057e-01  1.281057e-01 -0.314 -0.662
maxSpot          36.0  2.128331e-01  1.105837e-02  1.952689e-01  1.952689e-01  2.058726e-01  2.148734e-01  2.214195e-01  2.283773e-01  2.283773e-01 -0.295 -1.119
minCurve         36.0  1.109167e-01  2.911799e-03  1.055000e-01  1.055000e-01  1.095000e-01  1.120000e-01  1.126250e-01  1.155000e-01  1.155000e-01 -0.665 -0.433
maxCurve         36.0  2.466667e-01  7.724728e-03  2.300000e-01  2.300000e-01  2.431250e-01  2.502500e-01  2.526250e-01  2.540000e-01  2.540000e-01 -1.044 -0.150
rounds           36.0  6.000000e+01  0.000000e+00  6.000000e+01  6.000000e+01  6.000000e+01  6.000000e+01  6.000000e+01  6.000000e+01  6.000000e+01  0.000  0.000
settlementLegs   36.0  8.008333e+01  1.401530e+00  7.800000e+01  7.800000e+01  7.900000e+01  8.000000e+01  8.100000e+01  8.300000e+01  8.300000e+01  0.239 -0.226
x402Total        36.0  0.000000e+00  0.000000e+00  0.000000e+00  0.000000e+00  0.000000e+00  0.000000e+00  0.000000e+00  0.000000e+00  0.000000e+00  0.000  0.000
deniedWorkers    36.0  0.000000e+00  0.000000e+00  0.000000e+00  0.000000e+00  0.000000e+00  0.000000e+00  0.000000e+00  0.000000e+00  0.000000e+00  0.000  0.000

=== Histograms — mode=basket ===

seed
  [202608181.00, 430542384.88) | ######################################## 27
  [430542384.88, 658476588.75) |                                          0
  [658476588.75, 886410792.62) |                                          0
  [886410792.62, 1114344996.50) |                                          0
  [1114344996.50, 1342279200.38) |                                          0
  [1342279200.38, 1570213404.25) |                                          0
  [1570213404.25, 1798147608.12) |                                          0
  [1798147608.12, 2026081812.00) | #############                            9

role_pnl
  [    -88.68,     -71.94) | ###############                          3
  [    -71.94,     -55.20) |                                          0
  [    -55.20,     -38.46) | ##########                               2
  [    -38.46,     -21.71) | ####################                     4
  [    -21.71,      -4.97) | #########################                5
  [     -4.97,      11.77) | ##############################           6
  [     11.77,      28.51) | ######################################## 8
  [     28.51,      45.25) | ######################################## 8

wallet_sum_pnl
  [     -0.00,      -0.00) | ##########                               3
  [     -0.00,      -0.00) | ####################                     6
  [     -0.00,      -0.00) | ####################                     6
  [     -0.00,      -0.00) | ##########                               3
  [     -0.00,       0.00) | ##########                               3
  [      0.00,       0.00) | ######################################## 12
  [      0.00,       0.00) |                                          0
  [      0.00,       0.00) | ##########                               3

realizedAbs
  [    104.46,     126.82) | ##########################               6
  [    126.82,     149.17) | #############                            3
  [    149.17,     171.53) | #############                            3
  [    171.53,     193.89) | ##########################               6
  [    193.89,     216.25) | #############                            3
  [    216.25,     238.60) | ######################################## 9
  [    238.60,     260.96) | #############                            3
  [    260.96,     283.32) | #############                            3

minSpot
  [      0.11,       0.11) | #############                            3
  [      0.11,       0.12) | #############                            3
  [      0.12,       0.12) | #############                            3
  [      0.12,       0.12) | ##########################               6
  [      0.12,       0.12) | ######################################## 9
  [      0.12,       0.12) |                                          0
  [      0.12,       0.13) | ##########################               6
  [      0.13,       0.13) | ##########################               6

maxSpot
  [      0.20,       0.20) | ##########################               6
  [      0.20,       0.20) | #############                            3
  [      0.20,       0.21) |                                          0
  [      0.21,       0.21) | ##########################               6
  [      0.21,       0.22) | ##########################               6
  [      0.22,       0.22) | #############                            3
  [      0.22,       0.22) | #############                            3
  [      0.22,       0.23) | ######################################## 9

minCurve
  [      0.11,       0.11) | ####################                     6
  [      0.11,       0.11) |                                          0
  [      0.11,       0.11) | ##########                               3
  [      0.11,       0.11) | ##########                               3
  [      0.11,       0.11) | ##########                               3
  [      0.11,       0.11) | ######################################## 12
  [      0.11,       0.11) | ####################                     6
  [      0.11,       0.12) | ##########                               3

maxCurve
  [      0.23,       0.23) | ######                                   3
  [      0.23,       0.24) | ######                                   3
  [      0.24,       0.24) |                                          0
  [      0.24,       0.24) | ######                                   3
  [      0.24,       0.24) | ######                                   3
  [      0.24,       0.25) | ######                                   3
  [      0.25,       0.25) | ######                                   3
  [      0.25,       0.25) | ######################################## 18

rounds
  [     59.50,      59.62) |                                          0
  [     59.62,      59.75) |                                          0
  [     59.75,      59.88) |                                          0
  [     59.88,      60.00) |                                          0
  [     60.00,      60.12) | ######################################## 36
  [     60.12,      60.25) |                                          0
  [     60.25,      60.38) |                                          0
  [     60.38,      60.50) |                                          0

settlementLegs
  [     78.00,      78.62) | ####################                     6
  [     78.62,      79.25) | ####################                     6
  [     79.25,      79.88) |                                          0
  [     79.88,      80.50) | ##############################           9
  [     80.50,      81.12) | ######################################## 12
  [     81.12,      81.75) |                                          0
  [     81.75,      82.38) |                                          0
  [     82.38,      83.00) | ##########                               3

x402Total
  [     -0.50,      -0.38) |                                          0
  [     -0.38,      -0.25) |                                          0
  [     -0.25,      -0.12) |                                          0
  [     -0.12,       0.00) |                                          0
  [      0.00,       0.12) | ######################################## 36
  [      0.12,       0.25) |                                          0
  [      0.25,       0.38) |                                          0
  [      0.38,       0.50) |                                          0

deniedWorkers
  [     -0.50,      -0.38) |                                          0
  [     -0.38,      -0.25) |                                          0
  [     -0.25,      -0.12) |                                          0
  [     -0.12,       0.00) |                                          0
  [      0.00,       0.12) | ######################################## 36
  [      0.12,       0.25) |                                          0
  [      0.25,       0.38) |                                          0
  [      0.38,       0.50) |                                          0

=== Descriptive Statistics — mode=spread ===
                count          mean           std           min            5%           25%           50%           75%           95%           max   skew   kurt
seed             36.0  6.584766e+08  8.007876e+08  2.026082e+08  2.026082e+08  2.026082e+08  2.026082e+08  6.584766e+08  2.026082e+09  2.026082e+09  1.206 -0.582
role_pnl         36.0 -5.085676e+02  9.064546e+03 -2.075721e+04 -1.757703e+04 -4.693528e+03  1.341005e+03  5.690106e+03  1.092187e+04  1.566268e+04 -0.602 -0.285
wallet_sum_pnl   36.0  1.255292e-12  2.929989e-12 -3.865352e-12 -3.865352e-12  1.421085e-13  1.307399e-12  2.046363e-12  6.821210e-12  6.821210e-12  0.106 -0.292
realizedAbs      36.0  5.206096e+04  1.170766e+04  2.995348e+04  2.995348e+04  4.710664e+04  5.210217e+04  6.001334e+04  7.068420e+04  7.068420e+04 -0.363 -0.463
minSpot          36.0  4.354960e+01  1.811315e+00  4.098784e+01  4.098784e+01  4.184291e+01  4.356584e+01  4.467513e+01  4.739398e+01  4.739398e+01  0.572 -0.291
maxSpot          36.0  6.473140e+01  2.167133e+00  6.185256e+01  6.185256e+01  6.291826e+01  6.447538e+01  6.610227e+01  6.865949e+01  6.865949e+01  0.386 -1.077
minCurve         36.0  3.980933e+01  1.165887e+00  3.746550e+01  3.746550e+01  3.913450e+01  3.968700e+01  4.090600e+01  4.137050e+01  4.137050e+01 -0.285 -0.627
maxCurve         36.0  7.039731e+01  1.351142e+00  6.785950e+01  6.785950e+01  6.986825e+01  7.077450e+01  7.146863e+01  7.196900e+01  7.196900e+01 -0.838 -0.488
rounds           36.0  6.000000e+01  0.000000e+00  6.000000e+01  6.000000e+01  6.000000e+01  6.000000e+01  6.000000e+01  6.000000e+01  6.000000e+01  0.000  0.000
settlementLegs   36.0  8.100000e+01  1.373213e+00  7.900000e+01  7.900000e+01  8.000000e+01  8.100000e+01  8.200000e+01  8.300000e+01  8.300000e+01  0.000 -1.272
x402Total        36.0  0.000000e+00  0.000000e+00  0.000000e+00  0.000000e+00  0.000000e+00  0.000000e+00  0.000000e+00  0.000000e+00  0.000000e+00  0.000  0.000
deniedWorkers    36.0  0.000000e+00  0.000000e+00  0.000000e+00  0.000000e+00  0.000000e+00  0.000000e+00  0.000000e+00  0.000000e+00  0.000000e+00  0.000  0.000

=== Histograms — mode=spread ===

seed
  [202608181.00, 430542384.88) | ######################################## 27
  [430542384.88, 658476588.75) |                                          0
  [658476588.75, 886410792.62) |                                          0
  [886410792.62, 1114344996.50) |                                          0
  [1114344996.50, 1342279200.38) |                                          0
  [1342279200.38, 1570213404.25) |                                          0
  [1570213404.25, 1798147608.12) |                                          0
  [1798147608.12, 2026081812.00) | #############                            9

role_pnl
  [ -20757.21,  -16204.72) | #############                            3
  [ -16204.72,  -11652.24) | ########                                 2
  [ -11652.24,   -7099.75) | #############                            3
  [  -7099.75,   -2547.27) | ######################                   5
  [  -2547.27,    2005.22) | ##########################               6
  [   2005.22,    6557.71) | ######################################## 9
  [   6557.71,   11110.19) | ##########################               6
  [  11110.19,   15662.68) | ########                                 2

wallet_sum_pnl
  [     -0.00,      -0.00) | #############                            6
  [     -0.00,      -0.00) |                                          0
  [     -0.00,       0.00) | ######                                   3
  [      0.00,       0.00) | ######################################## 18
  [      0.00,       0.00) |                                          0
  [      0.00,       0.00) | ######                                   3
  [      0.00,       0.00) | ######                                   3
  [      0.00,       0.00) | ######                                   3

realizedAbs
  [  29953.48,   35044.82) | ##########################               6
  [  35044.82,   40136.16) |                                          0
  [  40136.16,   45227.50) | #############                            3
  [  45227.50,   50318.84) | #############                            3
  [  50318.84,   55410.18) | ######################################## 9
  [  55410.18,   60501.52) | ##########################               6
  [  60501.52,   65592.86) | #############                            3
  [  65592.86,   70684.20) | ##########################               6

minSpot
  [     40.99,      41.79) | ##########################               6
  [     41.79,      42.59) | ##########################               6
  [     42.59,      43.39) | #############                            3
  [     43.39,      44.19) | ######################################## 9
  [     44.19,      44.99) | ##########################               6
  [     44.99,      45.79) | #############                            3
  [     45.79,      46.59) |                                          0
  [     46.59,      47.39) | #############                            3

maxSpot
  [     61.85,      62.70) | ######################################## 9
  [     62.70,      63.55) | ##########################               6
  [     63.55,      64.41) |                                          0
  [     64.41,      65.26) | ##########################               6
  [     65.26,      66.11) | ##########################               6
  [     66.11,      66.96) |                                          0
  [     66.96,      67.81) | ##########################               6
  [     67.81,      68.66) | #############                            3

minCurve
  [     37.47,      37.95) | #############                            3
  [     37.95,      38.44) |                                          0
  [     38.44,      38.93) | #############                            3
  [     38.93,      39.42) | ######################################## 9
  [     39.42,      39.91) | ##########################               6
  [     39.91,      40.39) | #############                            3
  [     40.39,      40.88) | #############                            3
  [     40.88,      41.37) | ######################################## 9

maxCurve
  [     67.86,      68.37) | ##########################               6
  [     68.37,      68.89) |                                          0
  [     68.89,      69.40) | #############                            3
  [     69.40,      69.91) |                                          0
  [     69.91,      70.43) | ##########################               6
  [     70.43,      70.94) | ##########################               6
  [     70.94,      71.46) | ##########################               6
  [     71.46,      71.97) | ######################################## 9

rounds
  [     59.50,      59.62) |                                          0
  [     59.62,      59.75) |                                          0
  [     59.75,      59.88) |                                          0
  [     59.88,      60.00) |                                          0
  [     60.00,      60.12) | ######################################## 36
  [     60.12,      60.25) |                                          0
  [     60.25,      60.38) |                                          0
  [     60.38,      60.50) |                                          0

settlementLegs
  [     79.00,      79.50) | ##########################               6
  [     79.50,      80.00) |                                          0
  [     80.00,      80.50) | ######################################## 9
  [     80.50,      81.00) |                                          0
  [     81.00,      81.50) | ##########################               6
  [     81.50,      82.00) |                                          0
  [     82.00,      82.50) | ######################################## 9
  [     82.50,      83.00) | ##########################               6

x402Total
  [     -0.50,      -0.38) |                                          0
  [     -0.38,      -0.25) |                                          0
  [     -0.25,      -0.12) |                                          0
  [     -0.12,       0.00) |                                          0
  [      0.00,       0.12) | ######################################## 36
  [      0.12,       0.25) |                                          0
  [      0.25,       0.38) |                                          0
  [      0.38,       0.50) |                                          0

deniedWorkers
  [     -0.50,      -0.38) |                                          0
  [     -0.38,      -0.25) |                                          0
  [     -0.25,      -0.12) |                                          0
  [     -0.12,       0.00) |                                          0
  [      0.00,       0.12) | ######################################## 36
  [      0.12,       0.25) |                                          0
  [      0.25,       0.38) |                                          0
  [      0.38,       0.50) |                                          0

=== Descriptive Statistics — mode=synthetic ===
                count          mean           std           min            5%           25%           50%           75%           95%           max   skew   kurt
seed             36.0  6.584766e+08  8.007876e+08  2.026082e+08  2.026082e+08  2.026082e+08  2.026082e+08  6.584766e+08  2.026082e+09  2.026082e+09  1.206 -0.582
role_pnl         36.0 -5.392867e-01  1.276953e+01 -3.156220e+01 -2.717303e+01 -6.236165e+00  1.358996e+00  8.482971e+00  1.469340e+01  1.698372e+01 -0.895  0.250
wallet_sum_pnl   36.0  4.440892e-16  6.437885e-15 -1.371125e-14 -1.371125e-14 -1.096345e-15  5.551115e-16  4.107825e-15  1.287859e-14  1.287859e-14 -0.366  0.815
realizedAbs      36.0  7.408075e+01  2.224187e+01  3.961149e+01  3.961149e+01  5.368753e+01  7.652591e+01  9.088367e+01  1.067888e+02  1.067888e+02 -0.110 -1.459
minSpot          36.0  4.813452e-02  2.024368e-03  4.430768e-02  4.430768e-02  4.731648e-02  4.821020e-02  4.971473e-02  5.124229e-02  5.124229e-02 -0.314 -0.662
maxSpot          36.0  8.513326e-02  4.423349e-03  7.810757e-02  7.810757e-02  8.234903e-02  8.594935e-02  8.856780e-02  9.135093e-02  9.135093e-02 -0.295 -1.119
minCurve         36.0  4.445833e-02  1.123610e-03  4.200000e-02  4.200000e-02  4.425000e-02  4.500000e-02  4.500000e-02  4.550000e-02  4.550000e-02 -1.282  0.232
maxCurve         36.0  9.879167e-02  3.163125e-03  9.200000e-02  9.200000e-02  9.750000e-02  9.975000e-02  1.015000e-01  1.020000e-01  1.020000e-01 -0.975 -0.216
rounds           36.0  6.000000e+01  0.000000e+00  6.000000e+01  6.000000e+01  6.000000e+01  6.000000e+01  6.000000e+01  6.000000e+01  6.000000e+01  0.000  0.000
settlementLegs   36.0  8.066667e+01  1.820518e+00  7.800000e+01  7.800000e+01  7.975000e+01  8.000000e+01  8.225000e+01  8.400000e+01  8.400000e+01  0.528 -0.933
x402Total        36.0  0.000000e+00  0.000000e+00  0.000000e+00  0.000000e+00  0.000000e+00  0.000000e+00  0.000000e+00  0.000000e+00  0.000000e+00  0.000  0.000
deniedWorkers    36.0  0.000000e+00  0.000000e+00  0.000000e+00  0.000000e+00  0.000000e+00  0.000000e+00  0.000000e+00  0.000000e+00  0.000000e+00  0.000  0.000

=== Histograms — mode=synthetic ===

seed
  [202608181.00, 430542384.88) | ######################################## 27
  [430542384.88, 658476588.75) |                                          0
  [658476588.75, 886410792.62) |                                          0
  [886410792.62, 1114344996.50) |                                          0
  [1114344996.50, 1342279200.38) |                                          0
  [1342279200.38, 1570213404.25) |                                          0
  [1570213404.25, 1798147608.12) |                                          0
  [1798147608.12, 2026081812.00) | #############                            9

role_pnl
  [    -31.56,     -25.49) | ###############                          3
  [    -25.49,     -19.43) | #####                                    1
  [    -19.43,     -13.36) | #####                                    1
  [    -13.36,      -7.29) | ###############                          3
  [     -7.29,      -1.22) | ##############################           6
  [     -1.22,       4.85) | ###################################      7
  [      4.85,      10.92) | ###################################      7
  [     10.92,      16.98) | ######################################## 8

wallet_sum_pnl
  [     -0.00,      -0.00) | #############                            3
  [     -0.00,      -0.00) | #############                            3
  [     -0.00,      -0.00) |                                          0
  [     -0.00,      -0.00) | ######################################## 9
  [     -0.00,       0.00) | ######################################## 9
  [      0.00,       0.00) | ######################################## 9
  [      0.00,       0.00) |                                          0
  [      0.00,       0.00) | #############                            3

realizedAbs
  [     39.61,      48.01) | ######################################## 6
  [     48.01,      56.41) | ######################################## 6
  [     56.41,      64.80) |                                          0
  [     64.80,      73.20) | ######################################## 6
  [     73.20,      81.60) |                                          0
  [     81.60,      89.99) | ######################################## 6
  [     89.99,      98.39) | ######################################## 6
  [     98.39,     106.79) | ######################################## 6

minSpot
  [      0.04,       0.05) | #############                            3
  [      0.05,       0.05) | #############                            3
  [      0.05,       0.05) | #############                            3
  [      0.05,       0.05) | ##########################               6
  [      0.05,       0.05) | ######################################## 9
  [      0.05,       0.05) |                                          0
  [      0.05,       0.05) | ##########################               6
  [      0.05,       0.05) | ##########################               6

maxSpot
  [      0.08,       0.08) | ##########################               6
  [      0.08,       0.08) | #############                            3
  [      0.08,       0.08) |                                          0
  [      0.08,       0.08) | ##########################               6
  [      0.08,       0.09) | ##########################               6
  [      0.09,       0.09) | #############                            3
  [      0.09,       0.09) | #############                            3
  [      0.09,       0.09) | ######################################## 9

minCurve
  [      0.04,       0.04) | ######                                   3
  [      0.04,       0.04) | ######                                   3
  [      0.04,       0.04) |                                          0
  [      0.04,       0.04) | ######                                   3
  [      0.04,       0.04) |                                          0
  [      0.04,       0.04) | ######                                   3
  [      0.04,       0.05) | ######################################## 18
  [      0.05,       0.05) | #############                            6

maxCurve
  [      0.09,       0.09) | ########                                 3
  [      0.09,       0.09) | ########                                 3
  [      0.09,       0.10) |                                          0
  [      0.10,       0.10) | ########                                 3
  [      0.10,       0.10) | ########                                 3
  [      0.10,       0.10) | ########                                 3
  [      0.10,       0.10) | ################                         6
  [      0.10,       0.10) | ######################################## 15

rounds
  [     59.50,      59.62) |                                          0
  [     59.62,      59.75) |                                          0
  [     59.75,      59.88) |                                          0
  [     59.88,      60.00) |                                          0
  [     60.00,      60.12) | ######################################## 36
  [     60.12,      60.25) |                                          0
  [     60.25,      60.38) |                                          0
  [     60.38,      60.50) |                                          0

settlementLegs
  [     78.00,      78.75) | ########                                 3
  [     78.75,      79.50) | ################                         6
  [     79.50,      80.25) | ######################################## 15
  [     80.25,      81.00) |                                          0
  [     81.00,      81.75) |                                          0
  [     81.75,      82.50) | ########                                 3
  [     82.50,      83.25) | ################                         6
  [     83.25,      84.00) | ########                                 3

x402Total
  [     -0.50,      -0.38) |                                          0
  [     -0.38,      -0.25) |                                          0
  [     -0.25,      -0.12) |                                          0
  [     -0.12,       0.00) |                                          0
  [      0.00,       0.12) | ######################################## 36
  [      0.12,       0.25) |                                          0
  [      0.25,       0.38) |                                          0
  [      0.38,       0.50) |                                          0

deniedWorkers
  [     -0.50,      -0.38) |                                          0
  [     -0.38,      -0.25) |                                          0
  [     -0.25,      -0.12) |                                          0
  [     -0.12,       0.00) |                                          0
  [      0.00,       0.12) | ######################################## 36
  [      0.12,       0.25) |                                          0
  [      0.25,       0.38) |                                          0
  [      0.38,       0.50) |                                          0

=== Descriptive Statistics — mode=x402 ===
                count          mean           std           min            5%           25%           50%           75%           95%           max   skew   kurt
seed             36.0  6.584766e+08  8.007876e+08  2.026082e+08  2.026082e+08  2.026082e+08  2.026082e+08  6.584766e+08  2.026082e+09  2.026082e+09  1.206 -0.582
role_pnl         36.0 -5.392867e-01  1.276953e+01 -3.156220e+01 -2.717303e+01 -6.236165e+00  1.358996e+00  8.482971e+00  1.469340e+01  1.698372e+01 -0.895  0.250
wallet_sum_pnl   36.0  4.440892e-16  6.437885e-15 -1.371125e-14 -1.371125e-14 -1.096345e-15  5.551115e-16  4.107825e-15  1.287859e-14  1.287859e-14 -0.366  0.815
realizedAbs      36.0  7.408075e+01  2.224187e+01  3.961149e+01  3.961149e+01  5.368753e+01  7.652591e+01  9.088367e+01  1.067888e+02  1.067888e+02 -0.110 -1.459
minSpot          36.0  4.813452e-02  2.024368e-03  4.430768e-02  4.430768e-02  4.731648e-02  4.821020e-02  4.971473e-02  5.124229e-02  5.124229e-02 -0.314 -0.662
maxSpot          36.0  8.513326e-02  4.423349e-03  7.810757e-02  7.810757e-02  8.234903e-02  8.594935e-02  8.856780e-02  9.135093e-02  9.135093e-02 -0.295 -1.119
minCurve         36.0  4.445833e-02  1.123610e-03  4.200000e-02  4.200000e-02  4.425000e-02  4.500000e-02  4.500000e-02  4.550000e-02  4.550000e-02 -1.282  0.232
maxCurve         36.0  9.879167e-02  3.163125e-03  9.200000e-02  9.200000e-02  9.750000e-02  9.975000e-02  1.015000e-01  1.020000e-01  1.020000e-01 -0.975 -0.216
rounds           36.0  6.000000e+01  0.000000e+00  6.000000e+01  6.000000e+01  6.000000e+01  6.000000e+01  6.000000e+01  6.000000e+01  6.000000e+01  0.000  0.000
settlementLegs   36.0  8.066667e+01  1.820518e+00  7.800000e+01  7.800000e+01  7.975000e+01  8.000000e+01  8.225000e+01  8.400000e+01  8.400000e+01  0.528 -0.933
x402Total        36.0  3.274726e+02  4.049844e+01  2.647482e+02  2.647482e+02  3.056632e+02  3.218328e+02  3.551984e+02  3.846493e+02  3.846493e+02  0.013 -1.082
deniedWorkers    36.0  0.000000e+00  0.000000e+00  0.000000e+00  0.000000e+00  0.000000e+00  0.000000e+00  0.000000e+00  0.000000e+00  0.000000e+00  0.000  0.000

=== Histograms — mode=x402 ===

seed
  [202608181.00, 430542384.88) | ######################################## 27
  [430542384.88, 658476588.75) |                                          0
  [658476588.75, 886410792.62) |                                          0
  [886410792.62, 1114344996.50) |                                          0
  [1114344996.50, 1342279200.38) |                                          0
  [1342279200.38, 1570213404.25) |                                          0
  [1570213404.25, 1798147608.12) |                                          0
  [1798147608.12, 2026081812.00) | #############                            9

role_pnl
  [    -31.56,     -25.49) | ###############                          3
  [    -25.49,     -19.43) | #####                                    1
  [    -19.43,     -13.36) | #####                                    1
  [    -13.36,      -7.29) | ###############                          3
  [     -7.29,      -1.22) | ##############################           6
  [     -1.22,       4.85) | ###################################      7
  [      4.85,      10.92) | ###################################      7
  [     10.92,      16.98) | ######################################## 8

wallet_sum_pnl
  [     -0.00,      -0.00) | #############                            3
  [     -0.00,      -0.00) | #############                            3
  [     -0.00,      -0.00) |                                          0
  [     -0.00,      -0.00) | ######################################## 9
  [     -0.00,       0.00) | ######################################## 9
  [      0.00,       0.00) | ######################################## 9
  [      0.00,       0.00) |                                          0
  [      0.00,       0.00) | #############                            3

realizedAbs
  [     39.61,      48.01) | ######################################## 6
  [     48.01,      56.41) | ######################################## 6
  [     56.41,      64.80) |                                          0
  [     64.80,      73.20) | ######################################## 6
  [     73.20,      81.60) |                                          0
  [     81.60,      89.99) | ######################################## 6
  [     89.99,      98.39) | ######################################## 6
  [     98.39,     106.79) | ######################################## 6

minSpot
  [      0.04,       0.05) | #############                            3
  [      0.05,       0.05) | #############                            3
  [      0.05,       0.05) | #############                            3
  [      0.05,       0.05) | ##########################               6
  [      0.05,       0.05) | ######################################## 9
  [      0.05,       0.05) |                                          0
  [      0.05,       0.05) | ##########################               6
  [      0.05,       0.05) | ##########################               6

maxSpot
  [      0.08,       0.08) | ##########################               6
  [      0.08,       0.08) | #############                            3
  [      0.08,       0.08) |                                          0
  [      0.08,       0.08) | ##########################               6
  [      0.08,       0.09) | ##########################               6
  [      0.09,       0.09) | #############                            3
  [      0.09,       0.09) | #############                            3
  [      0.09,       0.09) | ######################################## 9

minCurve
  [      0.04,       0.04) | ######                                   3
  [      0.04,       0.04) | ######                                   3
  [      0.04,       0.04) |                                          0
  [      0.04,       0.04) | ######                                   3
  [      0.04,       0.04) |                                          0
  [      0.04,       0.04) | ######                                   3
  [      0.04,       0.05) | ######################################## 18
  [      0.05,       0.05) | #############                            6

maxCurve
  [      0.09,       0.09) | ########                                 3
  [      0.09,       0.09) | ########                                 3
  [      0.09,       0.10) |                                          0
  [      0.10,       0.10) | ########                                 3
  [      0.10,       0.10) | ########                                 3
  [      0.10,       0.10) | ########                                 3
  [      0.10,       0.10) | ################                         6
  [      0.10,       0.10) | ######################################## 15

rounds
  [     59.50,      59.62) |                                          0
  [     59.62,      59.75) |                                          0
  [     59.75,      59.88) |                                          0
  [     59.88,      60.00) |                                          0
  [     60.00,      60.12) | ######################################## 36
  [     60.12,      60.25) |                                          0
  [     60.25,      60.38) |                                          0
  [     60.38,      60.50) |                                          0

settlementLegs
  [     78.00,      78.75) | ########                                 3
  [     78.75,      79.50) | ################                         6
  [     79.50,      80.25) | ######################################## 15
  [     80.25,      81.00) |                                          0
  [     81.00,      81.75) |                                          0
  [     81.75,      82.50) | ########                                 3
  [     82.50,      83.25) | ################                         6
  [     83.25,      84.00) | ########                                 3

x402Total
  [    264.75,     279.74) | ####################                     6
  [    279.74,     294.72) | ##########                               3
  [    294.72,     309.71) |                                          0
  [    309.71,     324.70) | ######################################## 12
  [    324.70,     339.69) | ##########                               3
  [    339.69,     354.67) | ##########                               3
  [    354.67,     369.66) |                                          0
  [    369.66,     384.65) | ##############################           9

deniedWorkers
  [     -0.50,      -0.38) |                                          0
  [     -0.38,      -0.25) |                                          0
  [     -0.25,      -0.12) |                                          0
  [     -0.12,       0.00) |                                          0
  [      0.00,       0.12) | ######################################## 36
  [      0.12,       0.25) |                                          0
  [      0.25,       0.38) |                                          0
  [      0.38,       0.50) |                                          0


Stats saved to out/programmatic-eda/compute-futures-2026-08-18/distributions_by_mode.csv
