=== Descriptive Statistics — mode=basket ===
                count          mean           std           min            5%           25%           50%           75%           95%           max   skew   kurt
seed             36.0  6.584765e+08  8.007875e+08  2.026082e+08  2.026082e+08  2.026082e+08  2.026082e+08  6.584765e+08  2.026082e+09  2.026082e+09  1.206 -0.582
role_pnl         36.0  7.364202e-02  3.209310e+01 -7.456239e+01 -6.164361e+01 -2.222166e+01  8.276868e+00  2.394827e+01  3.617848e+01  5.135817e+01 -0.789 -0.245
wallet_sum_pnl   36.0 -9.751459e-15  3.804104e-14 -5.417888e-14 -5.417888e-14 -4.041212e-14 -1.920686e-14  1.051936e-14  6.483702e-14  6.483702e-14  0.613 -0.886
realizedAbs      36.0  2.278009e+02  4.872331e+01  1.636286e+02  1.636286e+02  1.917234e+02  2.194906e+02  2.510618e+02  3.365256e+02  3.365256e+02  0.784  0.039
minSpot          36.0  1.459493e-01  7.138373e-03  1.352419e-01  1.352419e-01  1.403549e-01  1.435448e-01  1.517034e-01  1.579353e-01  1.579353e-01  0.325 -1.205
maxSpot          36.0  2.532551e-01  1.287498e-02  2.314380e-01  2.314380e-01  2.479055e-01  2.491901e-01  2.570571e-01  2.793934e-01  2.793934e-01  0.625 -0.075
minCurve         36.0  1.345833e-01  4.511097e-03  1.255000e-01  1.255000e-01  1.338750e-01  1.342500e-01  1.353750e-01  1.455000e-01  1.455000e-01  0.480  2.017
maxCurve         36.0  2.950417e-01  6.528372e-03  2.825000e-01  2.825000e-01  2.908750e-01  2.962500e-01  2.980000e-01  3.070000e-01  3.070000e-01 -0.125 -0.267
rounds           36.0  6.000000e+01  0.000000e+00  6.000000e+01  6.000000e+01  6.000000e+01  6.000000e+01  6.000000e+01  6.000000e+01  6.000000e+01  0.000  0.000
settlementLegs   36.0  7.966667e+01  1.567528e+00  7.700000e+01  7.700000e+01  7.875000e+01  7.950000e+01  8.100000e+01  8.200000e+01  8.200000e+01  0.026 -1.047
x402Total        36.0  0.000000e+00  0.000000e+00  0.000000e+00  0.000000e+00  0.000000e+00  0.000000e+00  0.000000e+00  0.000000e+00  0.000000e+00  0.000  0.000
deniedWorkers    36.0  0.000000e+00  0.000000e+00  0.000000e+00  0.000000e+00  0.000000e+00  0.000000e+00  0.000000e+00  0.000000e+00  0.000000e+00  0.000  0.000

=== Histograms — mode=basket ===

seed
  [202608151.00, 430542321.12) | ######################################## 27
  [430542321.12, 658476491.25) |                                          0
  [658476491.25, 886410661.38) |                                          0
  [886410661.38, 1114344831.50) |                                          0
  [1114344831.50, 1342279001.62) |                                          0
  [1342279001.62, 1570213171.75) |                                          0
  [1570213171.75, 1798147341.88) |                                          0
  [1798147341.88, 2026081512.00) | #############                            9

role_pnl
  [    -74.56,     -58.82) | #############                            3
  [    -58.82,     -43.08) | ########                                 2
  [    -43.08,     -27.34) | ########                                 2
  [    -27.34,     -11.60) | #################                        4
  [    -11.60,       4.14) | #################                        4
  [      4.14,      19.88) | ######################################## 9
  [     19.88,      35.62) | ######################################## 9
  [     35.62,      51.36) | #############                            3

wallet_sum_pnl
  [     -0.00,      -0.00) | ######################################## 9
  [     -0.00,      -0.00) | ######################################## 9
  [     -0.00,      -0.00) |                                          0
  [     -0.00,       0.00) | ######################################## 9
  [      0.00,       0.00) |                                          0
  [      0.00,       0.00) | #############                            3
  [      0.00,       0.00) | #############                            3
  [      0.00,       0.00) | #############                            3

realizedAbs
  [    163.63,     185.24) | ##########################               6
  [    185.24,     206.85) | ##########################               6
  [    206.85,     228.46) | ######################################## 9
  [    228.46,     250.08) | ##########################               6
  [    250.08,     271.69) |                                          0
  [    271.69,     293.30) | ##########################               6
  [    293.30,     314.91) |                                          0
  [    314.91,     336.53) | #############                            3

minSpot
  [      0.14,       0.14) | #############                            3
  [      0.14,       0.14) | ######################################## 9
  [      0.14,       0.14) | ##########################               6
  [      0.14,       0.15) | #############                            3
  [      0.15,       0.15) | #############                            3
  [      0.15,       0.15) | #############                            3
  [      0.15,       0.16) | #############                            3
  [      0.16,       0.16) | ##########################               6

maxSpot
  [      0.23,       0.24) | ##########                               3
  [      0.24,       0.24) | ##########                               3
  [      0.24,       0.25) | ######################################## 12
  [      0.25,       0.26) | ##############################           9
  [      0.26,       0.26) |                                          0
  [      0.26,       0.27) | ##########                               3
  [      0.27,       0.27) | ##########                               3
  [      0.27,       0.28) | ##########                               3

minCurve
  [      0.13,       0.13) | #####                                    3
  [      0.13,       0.13) | #####                                    3
  [      0.13,       0.13) |                                          0
  [      0.13,       0.14) | ######################################## 21
  [      0.14,       0.14) | ###########                              6
  [      0.14,       0.14) |                                          0
  [      0.14,       0.14) |                                          0
  [      0.14,       0.15) | #####                                    3

maxCurve
  [      0.28,       0.29) | ##########                               3
  [      0.29,       0.29) | ##########                               3
  [      0.29,       0.29) | ####################                     6
  [      0.29,       0.29) | ##########                               3
  [      0.29,       0.30) | ######################################## 12
  [      0.30,       0.30) |                                          0
  [      0.30,       0.30) | ####################                     6
  [      0.30,       0.31) | ##########                               3

rounds
  [     59.50,      59.62) |                                          0
  [     59.62,      59.75) |                                          0
  [     59.75,      59.88) |                                          0
  [     59.88,      60.00) |                                          0
  [     60.00,      60.12) | ######################################## 36
  [     60.12,      60.25) |                                          0
  [     60.25,      60.38) |                                          0
  [     60.38,      60.50) |                                          0

settlementLegs
  [     77.00,      77.62) | #############                            3
  [     77.62,      78.25) | ##########################               6
  [     78.25,      78.88) |                                          0
  [     78.88,      79.50) | ######################################## 9
  [     79.50,      80.12) | ##########################               6
  [     80.12,      80.75) |                                          0
  [     80.75,      81.38) | ##########################               6
  [     81.38,      82.00) | ##########################               6

x402Total
  [     -0.50,      -0.38) |                                          0
  [     -0.38,      -0.25) |                                          0
  [     -0.25,      -0.12) |                                          0
  [     -0.12,       0.00) |                                          0
  [      0.00,       0.12) | ######################################## 36
  [      0.12,       0.25) |                                          0
  [      0.25,       0.38) |                                          0
  [      0.38,       0.50) |                                          0

deniedWorkers
  [     -0.50,      -0.38) |                                          0
  [     -0.38,      -0.25) |                                          0
  [     -0.25,      -0.12) |                                          0
  [     -0.12,       0.00) |                                          0
  [      0.00,       0.12) | ######################################## 36
  [      0.12,       0.25) |                                          0
  [      0.25,       0.38) |                                          0
  [      0.38,       0.50) |                                          0

=== Descriptive Statistics — mode=spread ===
                count          mean           std           min            5%           25%           50%           75%           95%           max   skew   kurt
seed             36.0  6.584765e+08  8.007875e+08  2.026082e+08  2.026082e+08  2.026082e+08  2.026082e+08  6.584765e+08  2.026082e+09  2.026082e+09  1.206 -0.582
role_pnl         36.0 -4.019635e+02  7.239274e+03 -1.645928e+04 -1.373412e+04 -4.737777e+03  1.282884e+03  3.927338e+03  9.979451e+03  1.157825e+04 -0.431 -0.364
wallet_sum_pnl   36.0 -1.847411e-12  6.977188e-12 -1.728040e-11 -1.728040e-11 -5.428547e-12 -1.364242e-12  1.961098e-12  8.185452e-12  8.185452e-12 -0.537  0.106
realizedAbs      36.0  4.898521e+04  1.260514e+04  2.434714e+04  2.434714e+04  4.135438e+04  4.990157e+04  5.421135e+04  7.506416e+04  7.506416e+04  0.100  0.342
minSpot          36.0  4.335576e+01  1.676646e+00  4.055775e+01  4.055775e+01  4.187425e+01  4.318430e+01  4.473421e+01  4.568100e+01  4.568100e+01 -0.108 -1.333
maxSpot          36.0  6.680589e+01  2.891506e+00  6.310178e+01  6.310178e+01  6.421041e+01  6.651449e+01  6.834183e+01  7.264403e+01  7.264403e+01  0.493 -0.636
minCurve         36.0  3.958917e+01  1.168281e+00  3.792150e+01  3.792150e+01  3.871162e+01  3.947700e+01  4.075762e+01  4.114500e+01  4.114500e+01 -0.076 -1.608
maxCurve         36.0  7.122717e+01  1.258517e+00  6.904400e+01  6.904400e+01  7.058487e+01  7.123475e+01  7.169775e+01  7.419500e+01  7.419500e+01  0.579  1.071
rounds           36.0  6.000000e+01  0.000000e+00  6.000000e+01  6.000000e+01  6.000000e+01  6.000000e+01  6.000000e+01  6.000000e+01  6.000000e+01  0.000  0.000
settlementLegs   36.0  8.033333e+01  1.454058e+00  7.800000e+01  7.800000e+01  7.900000e+01  8.000000e+01  8.125000e+01  8.300000e+01  8.300000e+01  0.262 -0.873
x402Total        36.0  0.000000e+00  0.000000e+00  0.000000e+00  0.000000e+00  0.000000e+00  0.000000e+00  0.000000e+00  0.000000e+00  0.000000e+00  0.000  0.000
deniedWorkers    36.0  0.000000e+00  0.000000e+00  0.000000e+00  0.000000e+00  0.000000e+00  0.000000e+00  0.000000e+00  0.000000e+00  0.000000e+00  0.000  0.000

=== Histograms — mode=spread ===

seed
  [202608151.00, 430542321.12) | ######################################## 27
  [430542321.12, 658476491.25) |                                          0
  [658476491.25, 886410661.38) |                                          0
  [886410661.38, 1114344831.50) |                                          0
  [1114344831.50, 1342279001.62) |                                          0
  [1342279001.62, 1570213171.75) |                                          0
  [1570213171.75, 1798147341.88) |                                          0
  [1798147341.88, 2026081512.00) | #############                            9

role_pnl
  [ -16459.28,  -12954.59) | ############                             3
  [ -12954.59,   -9449.90) |                                          0
  [  -9449.90,   -5945.21) | ####################                     5
  [  -5945.21,   -2440.52) | ########################                 6
  [  -2440.52,    1064.17) | ################                         4
  [   1064.17,    4568.86) | ######################################## 10
  [   4568.86,    8073.55) | ############                             3
  [   8073.55,   11578.25) | ####################                     5

wallet_sum_pnl
  [     -0.00,      -0.00) | ##########                               3
  [     -0.00,      -0.00) |                                          0
  [     -0.00,      -0.00) | ##########                               3
  [     -0.00,      -0.00) | ####################                     6
  [     -0.00,      -0.00) | ##########                               3
  [     -0.00,       0.00) | ######################################## 12
  [      0.00,       0.00) |                                          0
  [      0.00,       0.00) | ##############################           9

realizedAbs
  [  24347.14,   30686.77) | ##########                               3
  [  30686.77,   37026.39) | ##########                               3
  [  37026.39,   43366.02) | ####################                     6
  [  43366.02,   49705.65) | ##########                               3
  [  49705.65,   56045.28) | ######################################## 12
  [  56045.28,   62384.91) | ####################                     6
  [  62384.91,   68724.54) |                                          0
  [  68724.54,   75064.16) | ##########                               3

minSpot
  [     40.56,      41.20) | #############                            3
  [     41.20,      41.84) | ##########################               6
  [     41.84,      42.48) | #############                            3
  [     42.48,      43.12) | ##########################               6
  [     43.12,      43.76) | #############                            3
  [     43.76,      44.40) |                                          0
  [     44.40,      45.04) | ##########################               6
  [     45.04,      45.68) | ######################################## 9

maxSpot
  [     63.10,      64.29) | ######################################## 9
  [     64.29,      65.49) | #############                            3
  [     65.49,      66.68) | ##########################               6
  [     66.68,      67.87) | #############                            3
  [     67.87,      69.07) | ######################################## 9
  [     69.07,      70.26) |                                          0
  [     70.26,      71.45) | #############                            3
  [     71.45,      72.64) | #############                            3

minCurve
  [     37.92,      38.32) | ######################################## 9
  [     38.32,      38.73) |                                          0
  [     38.73,      39.13) | ##########################               6
  [     39.13,      39.53) | #############                            3
  [     39.53,      39.94) | #############                            3
  [     39.94,      40.34) |                                          0
  [     40.34,      40.74) | ##########################               6
  [     40.74,      41.15) | ######################################## 9

maxCurve
  [     69.04,      69.69) | ##########                               3
  [     69.69,      70.33) | ##########                               3
  [     70.33,      70.98) | ####################                     6
  [     70.98,      71.62) | ######################################## 12
  [     71.62,      72.26) | ##############################           9
  [     72.26,      72.91) |                                          0
  [     72.91,      73.55) |                                          0
  [     73.55,      74.20) | ##########                               3

rounds
  [     59.50,      59.62) |                                          0
  [     59.62,      59.75) |                                          0
  [     59.75,      59.88) |                                          0
  [     59.88,      60.00) |                                          0
  [     60.00,      60.12) | ######################################## 36
  [     60.12,      60.25) |                                          0
  [     60.25,      60.38) |                                          0
  [     60.38,      60.50) |                                          0

settlementLegs
  [     78.00,      78.62) | #############                            3
  [     78.62,      79.25) | ######################################## 9
  [     79.25,      79.88) |                                          0
  [     79.88,      80.50) | ######################################## 9
  [     80.50,      81.12) | ##########################               6
  [     81.12,      81.75) |                                          0
  [     81.75,      82.38) | ##########################               6
  [     82.38,      83.00) | #############                            3

x402Total
  [     -0.50,      -0.38) |                                          0
  [     -0.38,      -0.25) |                                          0
  [     -0.25,      -0.12) |                                          0
  [     -0.12,       0.00) |                                          0
  [      0.00,       0.12) | ######################################## 36
  [      0.12,       0.25) |                                          0
  [      0.25,       0.38) |                                          0
  [      0.38,       0.50) |                                          0

deniedWorkers
  [     -0.50,      -0.38) |                                          0
  [     -0.38,      -0.25) |                                          0
  [     -0.25,      -0.12) |                                          0
  [     -0.12,       0.00) |                                          0
  [      0.00,       0.12) | ######################################## 36
  [      0.12,       0.25) |                                          0
  [      0.25,       0.38) |                                          0
  [      0.38,       0.50) |                                          0

=== Descriptive Statistics — mode=synthetic ===
                count          mean           std           min            5%           25%           50%           75%           95%           max   skew   kurt
seed             36.0  6.584765e+08  8.007875e+08  2.026082e+08  2.026082e+08  2.026082e+08  2.026082e+08  6.584765e+08  2.026082e+09  2.026082e+09  1.206 -0.582
role_pnl         36.0 -1.805680e-01  1.009327e+01 -2.250407e+01 -1.987508e+01 -7.467817e+00  2.797713e+00  6.284613e+00  1.151906e+01  1.519423e+01 -0.759 -0.290
wallet_sum_pnl   36.0 -7.031412e-16  9.672039e-15 -1.754152e-14 -1.754152e-14 -5.162537e-15 -3.885781e-16  4.857226e-15  1.731948e-14  1.731948e-14 -0.150 -0.240
realizedAbs      36.0  7.480824e+01  1.655061e+01  5.346874e+01  5.346874e+01  6.020378e+01  7.250453e+01  8.143682e+01  1.148159e+02  1.148159e+02  0.981  0.796
minSpot          36.0  4.824770e-02  2.359793e-03  4.470807e-02  4.470807e-02  4.639832e-02  4.745282e-02  5.014990e-02  5.221000e-02  5.221000e-02  0.325 -1.205
maxSpot          36.0  8.372069e-02  4.256191e-03  7.650844e-02  7.650844e-02  8.195222e-02  8.237690e-02  8.497755e-02  9.236145e-02  9.236145e-02  0.625 -0.075
minCurve         36.0  4.458333e-02  1.574348e-03  4.150000e-02  4.150000e-02  4.437500e-02  4.450000e-02  4.500000e-02  4.850000e-02  4.850000e-02  0.640  2.238
maxCurve         36.0  9.758333e-02  2.129722e-03  9.350000e-02  9.350000e-02  9.637500e-02  9.800000e-02  9.837500e-02  1.015000e-01  1.015000e-01 -0.087 -0.242
rounds           36.0  6.000000e+01  0.000000e+00  6.000000e+01  6.000000e+01  6.000000e+01  6.000000e+01  6.000000e+01  6.000000e+01  6.000000e+01  0.000  0.000
settlementLegs   36.0  7.916667e+01  2.184360e+00  7.500000e+01  7.500000e+01  7.775000e+01  7.900000e+01  8.025000e+01  8.300000e+01  8.300000e+01 -0.069 -0.415
x402Total        36.0  0.000000e+00  0.000000e+00  0.000000e+00  0.000000e+00  0.000000e+00  0.000000e+00  0.000000e+00  0.000000e+00  0.000000e+00  0.000  0.000
deniedWorkers    36.0  0.000000e+00  0.000000e+00  0.000000e+00  0.000000e+00  0.000000e+00  0.000000e+00  0.000000e+00  0.000000e+00  0.000000e+00  0.000  0.000

=== Histograms — mode=synthetic ===

seed
  [202608151.00, 430542321.12) | ######################################## 27
  [430542321.12, 658476491.25) |                                          0
  [658476491.25, 886410661.38) |                                          0
  [886410661.38, 1114344831.50) |                                          0
  [1114344831.50, 1342279001.62) |                                          0
  [1342279001.62, 1570213171.75) |                                          0
  [1570213171.75, 1798147341.88) |                                          0
  [1798147341.88, 2026081512.00) | #############                            9

role_pnl
  [    -22.50,     -17.79) | ##########                               3
  [    -17.79,     -13.08) | ###                                      1
  [    -13.08,      -8.37) | #############                            4
  [     -8.37,      -3.65) | #############                            4
  [     -3.65,       1.06) | ###                                      1
  [      1.06,       5.77) | ######################################## 12
  [      5.77,      10.48) | ################                         5
  [     10.48,      15.19) | ####################                     6

wallet_sum_pnl
  [     -0.00,      -0.00) | ##########################               6
  [     -0.00,      -0.00) |                                          0
  [     -0.00,      -0.00) | ##########################               6
  [     -0.00,      -0.00) | ##########################               6
  [     -0.00,       0.00) | ######################################## 9
  [      0.00,       0.00) | #############                            3
  [      0.00,       0.00) | #############                            3
  [      0.00,       0.00) | #############                            3

realizedAbs
  [     53.47,      61.14) | ######################################## 12
  [     61.14,      68.81) |                                          0
  [     68.81,      76.47) | ##############################           9
  [     76.47,      84.14) | ####################                     6
  [     84.14,      91.81) | ####################                     6
  [     91.81,      99.48) |                                          0
  [     99.48,     107.15) |                                          0
  [    107.15,     114.82) | ##########                               3

minSpot
  [      0.04,       0.05) | #############                            3
  [      0.05,       0.05) | ######################################## 9
  [      0.05,       0.05) | ##########################               6
  [      0.05,       0.05) | #############                            3
  [      0.05,       0.05) | #############                            3
  [      0.05,       0.05) | #############                            3
  [      0.05,       0.05) | #############                            3
  [      0.05,       0.05) | ##########################               6

maxSpot
  [      0.08,       0.08) | ##########                               3
  [      0.08,       0.08) | ##########                               3
  [      0.08,       0.08) | ######################################## 12
  [      0.08,       0.08) | ##############################           9
  [      0.08,       0.09) |                                          0
  [      0.09,       0.09) | ##########                               3
  [      0.09,       0.09) | ##########                               3
  [      0.09,       0.09) | ##########                               3

minCurve
  [      0.04,       0.04) | ########                                 3
  [      0.04,       0.04) | ########                                 3
  [      0.04,       0.04) | ########                                 3
  [      0.04,       0.04) | ######################################## 15
  [      0.04,       0.05) | ########################                 9
  [      0.05,       0.05) |                                          0
  [      0.05,       0.05) |                                          0
  [      0.05,       0.05) | ########                                 3

maxCurve
  [      0.09,       0.09) | ##########                               3
  [      0.09,       0.10) | ##########                               3
  [      0.10,       0.10) | ##########                               3
  [      0.10,       0.10) | ####################                     6
  [      0.10,       0.10) | ######################################## 12
  [      0.10,       0.10) |                                          0
  [      0.10,       0.10) | ####################                     6
  [      0.10,       0.10) | ##########                               3

rounds
  [     59.50,      59.62) |                                          0
  [     59.62,      59.75) |                                          0
  [     59.75,      59.88) |                                          0
  [     59.88,      60.00) |                                          0
  [     60.00,      60.12) | ######################################## 36
  [     60.12,      60.25) |                                          0
  [     60.25,      60.38) |                                          0
  [     60.38,      60.50) |                                          0

settlementLegs
  [     75.00,      76.00) | #############                            3
  [     76.00,      77.00) |                                          0
  [     77.00,      78.00) | ##########################               6
  [     78.00,      79.00) | #############                            3
  [     79.00,      80.00) | ######################################## 9
  [     80.00,      81.00) | ##########################               6
  [     81.00,      82.00) | #############                            3
  [     82.00,      83.00) | ##########################               6

x402Total
  [     -0.50,      -0.38) |                                          0
  [     -0.38,      -0.25) |                                          0
  [     -0.25,      -0.12) |                                          0
  [     -0.12,       0.00) |                                          0
  [      0.00,       0.12) | ######################################## 36
  [      0.12,       0.25) |                                          0
  [      0.25,       0.38) |                                          0
  [      0.38,       0.50) |                                          0

deniedWorkers
  [     -0.50,      -0.38) |                                          0
  [     -0.38,      -0.25) |                                          0
  [     -0.25,      -0.12) |                                          0
  [     -0.12,       0.00) |                                          0
  [      0.00,       0.12) | ######################################## 36
  [      0.12,       0.25) |                                          0
  [      0.25,       0.38) |                                          0
  [      0.38,       0.50) |                                          0

=== Descriptive Statistics — mode=x402 ===
                count          mean           std           min            5%           25%           50%           75%           95%           max   skew   kurt
seed             36.0  6.584765e+08  8.007875e+08  2.026082e+08  2.026082e+08  2.026082e+08  2.026082e+08  6.584765e+08  2.026082e+09  2.026082e+09  1.206 -0.582
role_pnl         36.0 -1.805680e-01  1.009327e+01 -2.250407e+01 -1.987508e+01 -7.467817e+00  2.797713e+00  6.284613e+00  1.151906e+01  1.519423e+01 -0.759 -0.290
wallet_sum_pnl   36.0 -7.031412e-16  9.672039e-15 -1.754152e-14 -1.754152e-14 -5.162537e-15 -3.885781e-16  4.857226e-15  1.731948e-14  1.731948e-14 -0.150 -0.240
realizedAbs      36.0  7.480824e+01  1.655061e+01  5.346874e+01  5.346874e+01  6.020378e+01  7.250453e+01  8.143682e+01  1.148159e+02  1.148159e+02  0.981  0.796
minSpot          36.0  4.824770e-02  2.359793e-03  4.470807e-02  4.470807e-02  4.639832e-02  4.745282e-02  5.014990e-02  5.221000e-02  5.221000e-02  0.325 -1.205
maxSpot          36.0  8.372069e-02  4.256191e-03  7.650844e-02  7.650844e-02  8.195222e-02  8.237690e-02  8.497755e-02  9.236145e-02  9.236145e-02  0.625 -0.075
minCurve         36.0  4.458333e-02  1.574348e-03  4.150000e-02  4.150000e-02  4.437500e-02  4.450000e-02  4.500000e-02  4.850000e-02  4.850000e-02  0.640  2.238
maxCurve         36.0  9.758333e-02  2.129722e-03  9.350000e-02  9.350000e-02  9.637500e-02  9.800000e-02  9.837500e-02  1.015000e-01  1.015000e-01 -0.087 -0.242
rounds           36.0  6.000000e+01  0.000000e+00  6.000000e+01  6.000000e+01  6.000000e+01  6.000000e+01  6.000000e+01  6.000000e+01  6.000000e+01  0.000  0.000
settlementLegs   36.0  7.916667e+01  2.184360e+00  7.500000e+01  7.500000e+01  7.775000e+01  7.900000e+01  8.025000e+01  8.300000e+01  8.300000e+01 -0.069 -0.415
x402Total        36.0  3.275805e+02  3.053451e+01  2.626601e+02  2.626601e+02  3.139998e+02  3.243591e+02  3.386109e+02  3.845485e+02  3.845485e+02 -0.049  0.452
deniedWorkers    36.0  0.000000e+00  0.000000e+00  0.000000e+00  0.000000e+00  0.000000e+00  0.000000e+00  0.000000e+00  0.000000e+00  0.000000e+00  0.000  0.000

=== Histograms — mode=x402 ===

seed
  [202608151.00, 430542321.12) | ######################################## 27
  [430542321.12, 658476491.25) |                                          0
  [658476491.25, 886410661.38) |                                          0
  [886410661.38, 1114344831.50) |                                          0
  [1114344831.50, 1342279001.62) |                                          0
  [1342279001.62, 1570213171.75) |                                          0
  [1570213171.75, 1798147341.88) |                                          0
  [1798147341.88, 2026081512.00) | #############                            9

role_pnl
  [    -22.50,     -17.79) | ##########                               3
  [    -17.79,     -13.08) | ###                                      1
  [    -13.08,      -8.37) | #############                            4
  [     -8.37,      -3.65) | #############                            4
  [     -3.65,       1.06) | ###                                      1
  [      1.06,       5.77) | ######################################## 12
  [      5.77,      10.48) | ################                         5
  [     10.48,      15.19) | ####################                     6

wallet_sum_pnl
  [     -0.00,      -0.00) | ##########################               6
  [     -0.00,      -0.00) |                                          0
  [     -0.00,      -0.00) | ##########################               6
  [     -0.00,      -0.00) | ##########################               6
  [     -0.00,       0.00) | ######################################## 9
  [      0.00,       0.00) | #############                            3
  [      0.00,       0.00) | #############                            3
  [      0.00,       0.00) | #############                            3

realizedAbs
  [     53.47,      61.14) | ######################################## 12
  [     61.14,      68.81) |                                          0
  [     68.81,      76.47) | ##############################           9
  [     76.47,      84.14) | ####################                     6
  [     84.14,      91.81) | ####################                     6
  [     91.81,      99.48) |                                          0
  [     99.48,     107.15) |                                          0
  [    107.15,     114.82) | ##########                               3

minSpot
  [      0.04,       0.05) | #############                            3
  [      0.05,       0.05) | ######################################## 9
  [      0.05,       0.05) | ##########################               6
  [      0.05,       0.05) | #############                            3
  [      0.05,       0.05) | #############                            3
  [      0.05,       0.05) | #############                            3
  [      0.05,       0.05) | #############                            3
  [      0.05,       0.05) | ##########################               6

maxSpot
  [      0.08,       0.08) | ##########                               3
  [      0.08,       0.08) | ##########                               3
  [      0.08,       0.08) | ######################################## 12
  [      0.08,       0.08) | ##############################           9
  [      0.08,       0.09) |                                          0
  [      0.09,       0.09) | ##########                               3
  [      0.09,       0.09) | ##########                               3
  [      0.09,       0.09) | ##########                               3

minCurve
  [      0.04,       0.04) | ########                                 3
  [      0.04,       0.04) | ########                                 3
  [      0.04,       0.04) | ########                                 3
  [      0.04,       0.04) | ######################################## 15
  [      0.04,       0.05) | ########################                 9
  [      0.05,       0.05) |                                          0
  [      0.05,       0.05) |                                          0
  [      0.05,       0.05) | ########                                 3

maxCurve
  [      0.09,       0.09) | ##########                               3
  [      0.09,       0.10) | ##########                               3
  [      0.10,       0.10) | ##########                               3
  [      0.10,       0.10) | ####################                     6
  [      0.10,       0.10) | ######################################## 12
  [      0.10,       0.10) |                                          0
  [      0.10,       0.10) | ####################                     6
  [      0.10,       0.10) | ##########                               3

rounds
  [     59.50,      59.62) |                                          0
  [     59.62,      59.75) |                                          0
  [     59.75,      59.88) |                                          0
  [     59.88,      60.00) |                                          0
  [     60.00,      60.12) | ######################################## 36
  [     60.12,      60.25) |                                          0
  [     60.25,      60.38) |                                          0
  [     60.38,      60.50) |                                          0

settlementLegs
  [     75.00,      76.00) | #############                            3
  [     76.00,      77.00) |                                          0
  [     77.00,      78.00) | ##########################               6
  [     78.00,      79.00) | #############                            3
  [     79.00,      80.00) | ######################################## 9
  [     80.00,      81.00) | ##########################               6
  [     81.00,      82.00) | #############                            3
  [     82.00,      83.00) | ##########################               6

x402Total
  [    262.66,     277.90) | ##########                               3
  [    277.90,     293.13) |                                          0
  [    293.13,     308.37) | ##########                               3
  [    308.37,     323.60) | ######################################## 12
  [    323.60,     338.84) | ##############################           9
  [    338.84,     354.08) |                                          0
  [    354.08,     369.31) | ####################                     6
  [    369.31,     384.55) | ##########                               3

deniedWorkers
  [     -0.50,      -0.38) |                                          0
  [     -0.38,      -0.25) |                                          0
  [     -0.25,      -0.12) |                                          0
  [     -0.12,       0.00) |                                          0
  [      0.00,       0.12) | ######################################## 36
  [      0.12,       0.25) |                                          0
  [      0.25,       0.38) |                                          0
  [      0.38,       0.50) |                                          0


Stats saved to out/programmatic-eda/compute-futures-2026-08-15/distribution_summary.csv
