=== Descriptive Statistics — mode=basket ===
                count          mean           std           min            5%           25%           50%           75%           95%           max   skew   kurt
seed             36.0  6.584736e+08  8.007839e+08  2.026073e+08  2.026073e+08  2.026073e+08  2.026073e+08  6.584736e+08  2.026073e+09  2.026073e+09  1.206 -0.582
role_pnl         36.0 -1.352898e-01  3.160082e+01 -6.244851e+01 -5.841376e+01 -1.847525e+01  1.018071e+00  2.223452e+01  5.072105e+01  6.473233e+01 -0.065 -0.322
wallet_sum_pnl   36.0 -1.467345e-14  3.208548e-14 -6.039613e-14 -6.039613e-14 -3.291811e-14 -1.892930e-14 -4.440892e-15  5.329071e-14  5.329071e-14  0.768  0.045
realizedAbs      36.0  2.352690e+02  4.107582e+01  1.585518e+02  1.585518e+02  2.086140e+02  2.375452e+02  2.771338e+02  2.866505e+02  2.866505e+02 -0.352 -0.982
minSpot          36.0  1.386878e-01  5.116452e-03  1.279701e-01  1.279701e-01  1.351712e-01  1.387712e-01  1.412224e-01  1.483314e-01  1.483314e-01 -0.185  0.234
maxSpot          36.0  2.399994e-01  7.795496e-03  2.301436e-01  2.301436e-01  2.355875e-01  2.385691e-01  2.420910e-01  2.606528e-01  2.606528e-01  1.458  2.185
minCurve         36.0  1.269167e-01  3.888628e-03  1.185000e-01  1.185000e-01  1.253750e-01  1.285000e-01  1.292500e-01  1.320000e-01  1.320000e-01 -0.961 -0.128
maxCurve         36.0  2.874375e-01  3.588859e-03  2.795000e-01  2.795000e-01  2.862500e-01  2.883750e-01  2.900000e-01  2.920000e-01  2.920000e-01 -0.946  0.032
rounds           36.0  6.000000e+01  0.000000e+00  6.000000e+01  6.000000e+01  6.000000e+01  6.000000e+01  6.000000e+01  6.000000e+01  6.000000e+01  0.000  0.000
settlementLegs   36.0  8.008333e+01  2.089087e+00  7.600000e+01  7.600000e+01  7.950000e+01  8.050000e+01  8.100000e+01  8.300000e+01  8.300000e+01 -0.535 -0.418
x402Total        36.0  0.000000e+00  0.000000e+00  0.000000e+00  0.000000e+00  0.000000e+00  0.000000e+00  0.000000e+00  0.000000e+00  0.000000e+00  0.000  0.000
deniedWorkers    36.0  0.000000e+00  0.000000e+00  0.000000e+00  0.000000e+00  0.000000e+00  0.000000e+00  0.000000e+00  0.000000e+00  0.000000e+00  0.000  0.000

=== Histograms — mode=basket ===

seed
  [202607251.00, 430540408.62) | ######################################## 27
  [430540408.62, 658473566.25) |                                          0
  [658473566.25, 886406723.88) |                                          0
  [886406723.88, 1114339881.50) |                                          0
  [1114339881.50, 1342273039.12) |                                          0
  [1342273039.12, 1570206196.75) |                                          0
  [1570206196.75, 1798139354.38) |                                          0
  [1798139354.38, 2026072512.00) | #############                            9

role_pnl
  [    -62.45,     -46.55) | ###############                          3
  [    -46.55,     -30.65) | ####################                     4
  [    -30.65,     -14.76) | ####################                     4
  [    -14.76,       1.14) | ###################################      7
  [      1.14,      17.04) | ######################################## 8
  [     17.04,      32.94) | #########################                5
  [     32.94,      48.83) | ###############                          3
  [     48.83,      64.73) | ##########                               2

wallet_sum_pnl
  [     -0.00,      -0.00) | ##########################               6
  [     -0.00,      -0.00) | #############                            3
  [     -0.00,      -0.00) | ######################################## 9
  [     -0.00,      -0.00) | ######################################## 9
  [     -0.00,       0.00) | #############                            3
  [      0.00,       0.00) |                                          0
  [      0.00,       0.00) | #############                            3
  [      0.00,       0.00) | #############                            3

realizedAbs
  [    158.55,     174.56) | ##########                               3
  [    174.56,     190.58) | ##########                               3
  [    190.58,     206.59) | ##########                               3
  [    206.59,     222.60) | ####################                     6
  [    222.60,     238.61) | ##########                               3
  [    238.61,     254.63) | ####################                     6
  [    254.63,     270.64) |                                          0
  [    270.64,     286.65) | ######################################## 12

minSpot
  [      0.13,       0.13) | ##########                               3
  [      0.13,       0.13) |                                          0
  [      0.13,       0.14) | ##############################           9
  [      0.14,       0.14) | ##########                               3
  [      0.14,       0.14) | ######################################## 12
  [      0.14,       0.14) |                                          0
  [      0.14,       0.15) | ####################                     6
  [      0.15,       0.15) | ##########                               3

maxSpot
  [      0.23,       0.23) | ####################                     6
  [      0.23,       0.24) | ##############################           9
  [      0.24,       0.24) | ######################################## 12
  [      0.24,       0.25) | ##########                               3
  [      0.25,       0.25) | ##########                               3
  [      0.25,       0.25) |                                          0
  [      0.25,       0.26) |                                          0
  [      0.26,       0.26) | ##########                               3

minCurve
  [      0.12,       0.12) | ##########                               3
  [      0.12,       0.12) |                                          0
  [      0.12,       0.12) | ####################                     6
  [      0.12,       0.13) |                                          0
  [      0.13,       0.13) | ##########                               3
  [      0.13,       0.13) | ######################################## 12
  [      0.13,       0.13) | ##############################           9
  [      0.13,       0.13) | ##########                               3

maxCurve
  [      0.28,       0.28) | #############                            3
  [      0.28,       0.28) | #############                            3
  [      0.28,       0.28) | #############                            3
  [      0.28,       0.29) |                                          0
  [      0.29,       0.29) | #############                            3
  [      0.29,       0.29) | ######################################## 9
  [      0.29,       0.29) | ######################################## 9
  [      0.29,       0.29) | ##########################               6

rounds
  [     59.50,      59.62) |                                          0
  [     59.62,      59.75) |                                          0
  [     59.75,      59.88) |                                          0
  [     59.88,      60.00) |                                          0
  [     60.00,      60.12) | ######################################## 36
  [     60.12,      60.25) |                                          0
  [     60.25,      60.38) |                                          0
  [     60.38,      60.50) |                                          0

settlementLegs
  [     76.00,      76.88) | ##########                               3
  [     76.88,      77.75) | ##########                               3
  [     77.75,      78.62) | ##########                               3
  [     78.62,      79.50) |                                          0
  [     79.50,      80.38) | ##############################           9
  [     80.38,      81.25) | ######################################## 12
  [     81.25,      82.12) |                                          0
  [     82.12,      83.00) | ####################                     6

x402Total
  [     -0.50,      -0.38) |                                          0
  [     -0.38,      -0.25) |                                          0
  [     -0.25,      -0.12) |                                          0
  [     -0.12,       0.00) |                                          0
  [      0.00,       0.12) | ######################################## 36
  [      0.12,       0.25) |                                          0
  [      0.25,       0.38) |                                          0
  [      0.38,       0.50) |                                          0

deniedWorkers
  [     -0.50,      -0.38) |                                          0
  [     -0.38,      -0.25) |                                          0
  [     -0.25,      -0.12) |                                          0
  [     -0.12,       0.00) |                                          0
  [      0.00,       0.12) | ######################################## 36
  [      0.12,       0.25) |                                          0
  [      0.25,       0.38) |                                          0
  [      0.38,       0.50) |                                          0

=== Descriptive Statistics — mode=spread ===
                count          mean           std           min            5%           25%           50%           75%           95%           max   skew   kurt
seed             36.0  6.584736e+08  8.007839e+08  2.026073e+08  2.026073e+08  2.026073e+08  2.026073e+08  6.584736e+08  2.026073e+09  2.026073e+09  1.206 -0.582
role_pnl         36.0 -7.338489e+02  7.103914e+03 -2.225262e+04 -1.359419e+04 -5.251187e+03  2.601881e+02  4.139619e+03  6.911430e+03  1.574842e+04 -0.783  1.795
wallet_sum_pnl   36.0  1.165290e-12  5.918980e-12 -9.094947e-12 -9.094947e-12 -1.818989e-12  4.547474e-13  4.177991e-12  1.136868e-11  1.136868e-11  0.070 -0.703
realizedAbs      36.0  4.103391e+04  9.987489e+03  2.807565e+04  2.807565e+04  3.202461e+04  4.150178e+04  4.913404e+04  5.809716e+04  5.809716e+04  0.184 -1.374
minSpot          36.0  4.356878e+01  1.381199e+00  4.176449e+01  4.176449e+01  4.266518e+01  4.309751e+01  4.451312e+01  4.611792e+01  4.611792e+01  0.423 -1.024
maxSpot          36.0  6.690420e+01  2.836954e+00  6.326614e+01  6.326614e+01  6.560426e+01  6.641672e+01  6.691368e+01  7.495484e+01  7.495484e+01  1.872  3.698
minCurve         36.0  4.009029e+01  8.679275e-01  3.859050e+01  3.859050e+01  3.955075e+01  4.014075e+01  4.058125e+01  4.140600e+01  4.140600e+01 -0.061 -0.869
maxCurve         36.0  7.066750e+01  9.718848e-01  6.923750e+01  6.923750e+01  6.993050e+01  7.039300e+01  7.141438e+01  7.231050e+01  7.231050e+01  0.378 -1.117
rounds           36.0  6.000000e+01  0.000000e+00  6.000000e+01  6.000000e+01  6.000000e+01  6.000000e+01  6.000000e+01  6.000000e+01  6.000000e+01  0.000  0.000
settlementLegs   36.0  7.958333e+01  2.129722e+00  7.600000e+01  7.600000e+01  7.775000e+01  8.000000e+01  8.100000e+01  8.300000e+01  8.300000e+01 -0.207 -1.085
x402Total        36.0  0.000000e+00  0.000000e+00  0.000000e+00  0.000000e+00  0.000000e+00  0.000000e+00  0.000000e+00  0.000000e+00  0.000000e+00  0.000  0.000
deniedWorkers    36.0  0.000000e+00  0.000000e+00  0.000000e+00  0.000000e+00  0.000000e+00  0.000000e+00  0.000000e+00  0.000000e+00  0.000000e+00  0.000  0.000

=== Histograms — mode=spread ===

seed
  [202607251.00, 430540408.62) | ######################################## 27
  [430540408.62, 658473566.25) |                                          0
  [658473566.25, 886406723.88) |                                          0
  [886406723.88, 1114339881.50) |                                          0
  [1114339881.50, 1342273039.12) |                                          0
  [1342273039.12, 1570206196.75) |                                          0
  [1570206196.75, 1798139354.38) |                                          0
  [1798139354.38, 2026072512.00) | #############                            9

role_pnl
  [ -22252.62,  -17502.49) | ###                                      1
  [ -17502.49,  -12752.36) | ######                                   2
  [ -12752.36,   -8002.23) | ######                                   2
  [  -8002.23,   -3252.10) | ###############                          5
  [  -3252.10,    1498.03) | ##############################           10
  [   1498.03,    6248.16) | ######################################## 13
  [   6248.16,   10998.29) | ######                                   2
  [  10998.29,   15748.42) | ###                                      1

wallet_sum_pnl
  [     -0.00,      -0.00) | ##########                               3
  [     -0.00,      -0.00) | ####################                     6
  [     -0.00,      -0.00) |                                          0
  [     -0.00,       0.00) | ######################################## 12
  [      0.00,       0.00) | ####################                     6
  [      0.00,       0.00) |                                          0
  [      0.00,       0.00) | ##########                               3
  [      0.00,       0.00) | ####################                     6

realizedAbs
  [  28075.65,   31828.34) | ######################################## 9
  [  31828.34,   35581.03) | ##########################               6
  [  35581.03,   39333.72) | #############                            3
  [  39333.72,   43086.41) |                                          0
  [  43086.41,   46839.10) | ##########################               6
  [  46839.10,   50591.78) | ##########################               6
  [  50591.78,   54344.47) | #############                            3
  [  54344.47,   58097.16) | #############                            3

minSpot
  [     41.76,      42.31) | ####################                     6
  [     42.31,      42.85) | ######################################## 12
  [     42.85,      43.40) | ##########                               3
  [     43.40,      43.94) |                                          0
  [     43.94,      44.49) | ####################                     6
  [     44.49,      45.03) | ##########                               3
  [     45.03,      45.57) | ##########                               3
  [     45.57,      46.12) | ##########                               3

maxSpot
  [     63.27,      64.73) | ########                                 3
  [     64.73,      66.19) | ################################         12
  [     66.19,      67.65) | ######################################## 15
  [     67.65,      69.11) |                                          0
  [     69.11,      70.57) | ########                                 3
  [     70.57,      72.03) |                                          0
  [     72.03,      73.49) |                                          0
  [     73.49,      74.95) | ########                                 3

minCurve
  [     38.59,      38.94) | ######################################## 6
  [     38.94,      39.29) |                                          0
  [     39.29,      39.65) | ######################################## 6
  [     39.65,      40.00) | ######################################## 6
  [     40.00,      40.35) | ######################################## 6
  [     40.35,      40.70) | ####################                     3
  [     40.70,      41.05) | ####################                     3
  [     41.05,      41.41) | ######################################## 6

maxCurve
  [     69.24,      69.62) | ##########                               3
  [     69.62,      70.01) | ######################################## 12
  [     70.01,      70.39) | ##########                               3
  [     70.39,      70.77) | ##########                               3
  [     70.77,      71.16) | ##########                               3
  [     71.16,      71.54) | ####################                     6
  [     71.54,      71.93) |                                          0
  [     71.93,      72.31) | ####################                     6

rounds
  [     59.50,      59.62) |                                          0
  [     59.62,      59.75) |                                          0
  [     59.75,      59.88) |                                          0
  [     59.88,      60.00) |                                          0
  [     60.00,      60.12) | ######################################## 36
  [     60.12,      60.25) |                                          0
  [     60.25,      60.38) |                                          0
  [     60.38,      60.50) |                                          0

settlementLegs
  [     76.00,      76.88) | #############                            3
  [     76.88,      77.75) | ##########################               6
  [     77.75,      78.62) | #############                            3
  [     78.62,      79.50) | #############                            3
  [     79.50,      80.38) | ##########################               6
  [     80.38,      81.25) | ######################################## 9
  [     81.25,      82.12) | #############                            3
  [     82.12,      83.00) | #############                            3

x402Total
  [     -0.50,      -0.38) |                                          0
  [     -0.38,      -0.25) |                                          0
  [     -0.25,      -0.12) |                                          0
  [     -0.12,       0.00) |                                          0
  [      0.00,       0.12) | ######################################## 36
  [      0.12,       0.25) |                                          0
  [      0.25,       0.38) |                                          0
  [      0.38,       0.50) |                                          0

deniedWorkers
  [     -0.50,      -0.38) |                                          0
  [     -0.38,      -0.25) |                                          0
  [     -0.25,      -0.12) |                                          0
  [     -0.12,       0.00) |                                          0
  [      0.00,       0.12) | ######################################## 36
  [      0.12,       0.25) |                                          0
  [      0.25,       0.38) |                                          0
  [      0.38,       0.50) |                                          0

=== Descriptive Statistics — mode=synthetic ===
                count          mean           std           min            5%           25%           50%           75%           95%           max   skew   kurt
seed             36.0  6.584736e+08  8.007839e+08  2.026073e+08  2.026073e+08  2.026073e+08  2.026073e+08  6.584736e+08  2.026073e+09  2.026073e+09  1.206 -0.582
role_pnl         36.0 -3.381368e-01  9.576414e+00 -2.551876e+01 -1.906292e+01 -5.353408e+00  1.087771e+00  5.495014e+00  1.399519e+01  1.774842e+01 -0.726  0.847
wallet_sum_pnl   36.0 -1.480297e-16  7.380962e-15 -1.565414e-14 -1.565414e-14 -3.497203e-15 -4.440892e-16  4.996004e-15  9.769963e-15  9.769963e-15 -0.489 -0.328
realizedAbs      36.0  7.466900e+01  1.540949e+01  4.754727e+01  4.754727e+01  6.454289e+01  7.702286e+01  8.340255e+01  9.960808e+01  9.960808e+01 -0.071 -0.913
minSpot          36.0  4.782338e-02  1.764294e-03  4.412761e-02  4.412761e-02  4.661075e-02  4.785214e-02  4.869739e-02  5.114876e-02  5.114876e-02 -0.185  0.234
maxSpot          36.0  8.275841e-02  2.688102e-03  7.935986e-02  7.935986e-02  8.123706e-02  8.226520e-02  8.347964e-02  8.988026e-02  8.988026e-02  1.458  2.185
minCurve         36.0  4.383333e-02  1.378405e-03  4.100000e-02  4.100000e-02  4.312500e-02  4.450000e-02  4.462500e-02  4.550000e-02  4.550000e-02 -0.905 -0.477
maxCurve         36.0  9.925000e-02  1.233462e-03  9.650000e-02  9.650000e-02  9.887500e-02  9.950000e-02  1.000000e-01  1.010000e-01  1.010000e-01 -0.871  0.227
rounds           36.0  6.000000e+01  0.000000e+00  6.000000e+01  6.000000e+01  6.000000e+01  6.000000e+01  6.000000e+01  6.000000e+01  6.000000e+01  0.000  0.000
settlementLegs   36.0  7.941667e+01  9.673233e-01  7.800000e+01  7.800000e+01  7.900000e+01  7.900000e+01  8.000000e+01  8.200000e+01  8.200000e+01  1.452  2.434
x402Total        36.0  0.000000e+00  0.000000e+00  0.000000e+00  0.000000e+00  0.000000e+00  0.000000e+00  0.000000e+00  0.000000e+00  0.000000e+00  0.000  0.000
deniedWorkers    36.0  0.000000e+00  0.000000e+00  0.000000e+00  0.000000e+00  0.000000e+00  0.000000e+00  0.000000e+00  0.000000e+00  0.000000e+00  0.000  0.000

=== Histograms — mode=synthetic ===

seed
  [202607251.00, 430540408.62) | ######################################## 27
  [430540408.62, 658473566.25) |                                          0
  [658473566.25, 886406723.88) |                                          0
  [886406723.88, 1114339881.50) |                                          0
  [1114339881.50, 1342273039.12) |                                          0
  [1342273039.12, 1570206196.75) |                                          0
  [1570206196.75, 1798139354.38) |                                          0
  [1798139354.38, 2026072512.00) | #############                            9

role_pnl
  [    -25.52,     -20.11) | #######                                  2
  [    -20.11,     -14.70) | #######                                  2
  [    -14.70,      -9.29) |                                          0
  [     -9.29,      -3.89) | #############################            8
  [     -3.89,       1.52) | #############################            8
  [      1.52,       6.93) | ######################################## 11
  [      6.93,      12.34) | #######                                  2
  [     12.34,      17.75) | ##########                               3

wallet_sum_pnl
  [     -0.00,      -0.00) | ##########                               3
  [     -0.00,      -0.00) |                                          0
  [     -0.00,      -0.00) | ##########                               3
  [     -0.00,      -0.00) | ##########                               3
  [     -0.00,       0.00) | ######################################## 12
  [      0.00,       0.00) |                                          0
  [      0.00,       0.00) | ####################                     6
  [      0.00,       0.00) | ##############################           9

realizedAbs
  [     47.55,      54.05) | #############                            3
  [     54.05,      60.56) | #############                            3
  [     60.56,      67.07) | ######################################## 9
  [     67.07,      73.58) |                                          0
  [     73.58,      80.09) | ##########################               6
  [     80.09,      86.59) | ##########################               6
  [     86.59,      93.10) | #############                            3
  [     93.10,      99.61) | ##########################               6

minSpot
  [      0.04,       0.05) | ##########                               3
  [      0.05,       0.05) |                                          0
  [      0.05,       0.05) | ##############################           9
  [      0.05,       0.05) | ##########                               3
  [      0.05,       0.05) | ######################################## 12
  [      0.05,       0.05) |                                          0
  [      0.05,       0.05) | ####################                     6
  [      0.05,       0.05) | ##########                               3

maxSpot
  [      0.08,       0.08) | ####################                     6
  [      0.08,       0.08) | ##############################           9
  [      0.08,       0.08) | ######################################## 12
  [      0.08,       0.08) | ##########                               3
  [      0.08,       0.09) | ##########                               3
  [      0.09,       0.09) |                                          0
  [      0.09,       0.09) |                                          0
  [      0.09,       0.09) | ##########                               3

minCurve
  [      0.04,       0.04) | ##########                               3
  [      0.04,       0.04) | ####################                     6
  [      0.04,       0.04) |                                          0
  [      0.04,       0.04) |                                          0
  [      0.04,       0.04) | ##########                               3
  [      0.04,       0.04) | ##########                               3
  [      0.04,       0.04) | ######################################## 12
  [      0.04,       0.05) | ##############################           9

maxCurve
  [      0.10,       0.10) | #############                            3
  [      0.10,       0.10) | #############                            3
  [      0.10,       0.10) |                                          0
  [      0.10,       0.10) | #############                            3
  [      0.10,       0.10) | ##########################               6
  [      0.10,       0.10) | ##########################               6
  [      0.10,       0.10) | ######################################## 9
  [      0.10,       0.10) | ##########################               6

rounds
  [     59.50,      59.62) |                                          0
  [     59.62,      59.75) |                                          0
  [     59.75,      59.88) |                                          0
  [     59.88,      60.00) |                                          0
  [     60.00,      60.12) | ######################################## 36
  [     60.12,      60.25) |                                          0
  [     60.25,      60.38) |                                          0
  [     60.38,      60.50) |                                          0

settlementLegs
  [     78.00,      78.50) | #####                                    3
  [     78.50,      79.00) |                                          0
  [     79.00,      79.50) | ######################################## 21
  [     79.50,      80.00) |                                          0
  [     80.00,      80.50) | #################                        9
  [     80.50,      81.00) |                                          0
  [     81.00,      81.50) |                                          0
  [     81.50,      82.00) | #####                                    3

x402Total
  [     -0.50,      -0.38) |                                          0
  [     -0.38,      -0.25) |                                          0
  [     -0.25,      -0.12) |                                          0
  [     -0.12,       0.00) |                                          0
  [      0.00,       0.12) | ######################################## 36
  [      0.12,       0.25) |                                          0
  [      0.25,       0.38) |                                          0
  [      0.38,       0.50) |                                          0

deniedWorkers
  [     -0.50,      -0.38) |                                          0
  [     -0.38,      -0.25) |                                          0
  [     -0.25,      -0.12) |                                          0
  [     -0.12,       0.00) |                                          0
  [      0.00,       0.12) | ######################################## 36
  [      0.12,       0.25) |                                          0
  [      0.25,       0.38) |                                          0
  [      0.38,       0.50) |                                          0

=== Descriptive Statistics — mode=x402 ===
                count          mean           std           min            5%           25%           50%           75%           95%           max   skew   kurt
seed             36.0  6.584736e+08  8.007839e+08  2.026073e+08  2.026073e+08  2.026073e+08  2.026073e+08  6.584736e+08  2.026073e+09  2.026073e+09  1.206 -0.582
role_pnl         36.0 -3.381368e-01  9.576414e+00 -2.551876e+01 -1.906292e+01 -5.353408e+00  1.087771e+00  5.495014e+00  1.399519e+01  1.774842e+01 -0.726  0.847
wallet_sum_pnl   36.0 -1.480297e-16  7.380962e-15 -1.565414e-14 -1.565414e-14 -3.497203e-15 -4.440892e-16  4.996004e-15  9.769963e-15  9.769963e-15 -0.489 -0.328
realizedAbs      36.0  7.466900e+01  1.540949e+01  4.754727e+01  4.754727e+01  6.454289e+01  7.702286e+01  8.340255e+01  9.960808e+01  9.960808e+01 -0.071 -0.913
minSpot          36.0  4.782338e-02  1.764294e-03  4.412761e-02  4.412761e-02  4.661075e-02  4.785214e-02  4.869739e-02  5.114876e-02  5.114876e-02 -0.185  0.234
maxSpot          36.0  8.275841e-02  2.688102e-03  7.935986e-02  7.935986e-02  8.123706e-02  8.226520e-02  8.347964e-02  8.988026e-02  8.988026e-02  1.458  2.185
minCurve         36.0  4.383333e-02  1.378405e-03  4.100000e-02  4.100000e-02  4.312500e-02  4.450000e-02  4.462500e-02  4.550000e-02  4.550000e-02 -0.905 -0.477
maxCurve         36.0  9.925000e-02  1.233462e-03  9.650000e-02  9.650000e-02  9.887500e-02  9.950000e-02  1.000000e-01  1.010000e-01  1.010000e-01 -0.871  0.227
rounds           36.0  6.000000e+01  0.000000e+00  6.000000e+01  6.000000e+01  6.000000e+01  6.000000e+01  6.000000e+01  6.000000e+01  6.000000e+01  0.000  0.000
settlementLegs   36.0  7.941667e+01  9.673233e-01  7.800000e+01  7.800000e+01  7.900000e+01  7.900000e+01  8.000000e+01  8.200000e+01  8.200000e+01  1.452  2.434
x402Total        36.0  3.225517e+02  2.482202e+01  2.881440e+02  2.881440e+02  3.075396e+02  3.168005e+02  3.336747e+02  3.664635e+02  3.664635e+02  0.537 -0.615
deniedWorkers    36.0  0.000000e+00  0.000000e+00  0.000000e+00  0.000000e+00  0.000000e+00  0.000000e+00  0.000000e+00  0.000000e+00  0.000000e+00  0.000  0.000

=== Histograms — mode=x402 ===

seed
  [202607251.00, 430540408.62) | ######################################## 27
  [430540408.62, 658473566.25) |                                          0
  [658473566.25, 886406723.88) |                                          0
  [886406723.88, 1114339881.50) |                                          0
  [1114339881.50, 1342273039.12) |                                          0
  [1342273039.12, 1570206196.75) |                                          0
  [1570206196.75, 1798139354.38) |                                          0
  [1798139354.38, 2026072512.00) | #############                            9

role_pnl
  [    -25.52,     -20.11) | #######                                  2
  [    -20.11,     -14.70) | #######                                  2
  [    -14.70,      -9.29) |                                          0
  [     -9.29,      -3.89) | #############################            8
  [     -3.89,       1.52) | #############################            8
  [      1.52,       6.93) | ######################################## 11
  [      6.93,      12.34) | #######                                  2
  [     12.34,      17.75) | ##########                               3

wallet_sum_pnl
  [     -0.00,      -0.00) | ##########                               3
  [     -0.00,      -0.00) |                                          0
  [     -0.00,      -0.00) | ##########                               3
  [     -0.00,      -0.00) | ##########                               3
  [     -0.00,       0.00) | ######################################## 12
  [      0.00,       0.00) |                                          0
  [      0.00,       0.00) | ####################                     6
  [      0.00,       0.00) | ##############################           9

realizedAbs
  [     47.55,      54.05) | #############                            3
  [     54.05,      60.56) | #############                            3
  [     60.56,      67.07) | ######################################## 9
  [     67.07,      73.58) |                                          0
  [     73.58,      80.09) | ##########################               6
  [     80.09,      86.59) | ##########################               6
  [     86.59,      93.10) | #############                            3
  [     93.10,      99.61) | ##########################               6

minSpot
  [      0.04,       0.05) | ##########                               3
  [      0.05,       0.05) |                                          0
  [      0.05,       0.05) | ##############################           9
  [      0.05,       0.05) | ##########                               3
  [      0.05,       0.05) | ######################################## 12
  [      0.05,       0.05) |                                          0
  [      0.05,       0.05) | ####################                     6
  [      0.05,       0.05) | ##########                               3

maxSpot
  [      0.08,       0.08) | ####################                     6
  [      0.08,       0.08) | ##############################           9
  [      0.08,       0.08) | ######################################## 12
  [      0.08,       0.08) | ##########                               3
  [      0.08,       0.09) | ##########                               3
  [      0.09,       0.09) |                                          0
  [      0.09,       0.09) |                                          0
  [      0.09,       0.09) | ##########                               3

minCurve
  [      0.04,       0.04) | ##########                               3
  [      0.04,       0.04) | ####################                     6
  [      0.04,       0.04) |                                          0
  [      0.04,       0.04) |                                          0
  [      0.04,       0.04) | ##########                               3
  [      0.04,       0.04) | ##########                               3
  [      0.04,       0.04) | ######################################## 12
  [      0.04,       0.05) | ##############################           9

maxCurve
  [      0.10,       0.10) | #############                            3
  [      0.10,       0.10) | #############                            3
  [      0.10,       0.10) |                                          0
  [      0.10,       0.10) | #############                            3
  [      0.10,       0.10) | ##########################               6
  [      0.10,       0.10) | ##########################               6
  [      0.10,       0.10) | ######################################## 9
  [      0.10,       0.10) | ##########################               6

rounds
  [     59.50,      59.62) |                                          0
  [     59.62,      59.75) |                                          0
  [     59.75,      59.88) |                                          0
  [     59.88,      60.00) |                                          0
  [     60.00,      60.12) | ######################################## 36
  [     60.12,      60.25) |                                          0
  [     60.25,      60.38) |                                          0
  [     60.38,      60.50) |                                          0

settlementLegs
  [     78.00,      78.50) | #####                                    3
  [     78.50,      79.00) |                                          0
  [     79.00,      79.50) | ######################################## 21
  [     79.50,      80.00) |                                          0
  [     80.00,      80.50) | #################                        9
  [     80.50,      81.00) |                                          0
  [     81.00,      81.50) |                                          0
  [     81.50,      82.00) | #####                                    3

x402Total
  [    288.14,     297.93) | ####################                     6
  [    297.93,     307.72) | ##########                               3
  [    307.72,     317.51) | ######################################## 12
  [    317.51,     327.30) | ##########                               3
  [    327.30,     337.09) | ##########                               3
  [    337.09,     346.88) | ##########                               3
  [    346.88,     356.67) |                                          0
  [    356.67,     366.46) | ####################                     6

deniedWorkers
  [     -0.50,      -0.38) |                                          0
  [     -0.38,      -0.25) |                                          0
  [     -0.25,      -0.12) |                                          0
  [     -0.12,       0.00) |                                          0
  [      0.00,       0.12) | ######################################## 36
  [      0.12,       0.25) |                                          0
  [      0.25,       0.38) |                                          0
  [      0.38,       0.50) |                                          0


Stats saved to out/programmatic-eda/compute-futures-2026-07-25/distributions_by_mode.csv
