=== Descriptive Statistics — mode=basket ===
                count          mean           std           min            5%           25%           50%           75%           95%           max   skew   kurt
seed             36.0  6.584763e+08  8.007872e+08  2.026081e+08  2.026081e+08  2.026081e+08  2.026081e+08  6.584763e+08  2.026081e+09  2.026081e+09  1.206 -0.582
role_pnl         36.0 -4.826694e-01  2.288369e+01 -6.084644e+01 -4.556026e+01 -1.304410e+01  3.795300e+00  1.227459e+01  2.766620e+01  4.022454e+01 -0.711  0.517
wallet_sum_pnl   36.0 -5.208796e-15  1.935349e-14 -3.264056e-14 -3.264056e-14 -2.084444e-14 -5.745404e-15  5.134781e-15  3.907985e-14  3.907985e-14  0.704  0.276
realizedAbs      36.0  1.748062e+02  4.789060e+01  8.670616e+01  8.670616e+01  1.329672e+02  1.878897e+02  2.102170e+02  2.417651e+02  2.417651e+02 -0.437 -1.014
minSpot          36.0  1.199195e-01  4.118597e-03  1.125595e-01  1.125595e-01  1.175068e-01  1.194594e-01  1.230983e-01  1.273032e-01  1.273032e-01 -0.053 -0.715
maxSpot          36.0  2.108445e-01  9.395935e-03  1.999111e-01  1.999111e-01  2.058084e-01  2.088240e-01  2.104870e-01  2.365812e-01  2.365812e-01  1.786  2.874
minCurve         36.0  1.117500e-01  2.488545e-03  1.080000e-01  1.080000e-01  1.098750e-01  1.117500e-01  1.136250e-01  1.160000e-01  1.160000e-01 -0.038 -1.016
maxCurve         36.0  2.511667e-01  7.372730e-03  2.375000e-01  2.375000e-01  2.485000e-01  2.502500e-01  2.521250e-01  2.685000e-01  2.685000e-01  0.725  1.343
rounds           36.0  6.000000e+01  0.000000e+00  6.000000e+01  6.000000e+01  6.000000e+01  6.000000e+01  6.000000e+01  6.000000e+01  6.000000e+01  0.000  0.000
settlementLegs   36.0  8.000000e+01  1.804756e+00  7.700000e+01  7.700000e+01  7.900000e+01  7.950000e+01  8.200000e+01  8.300000e+01  8.300000e+01  0.185 -1.069
x402Total        36.0  0.000000e+00  0.000000e+00  0.000000e+00  0.000000e+00  0.000000e+00  0.000000e+00  0.000000e+00  0.000000e+00  0.000000e+00  0.000  0.000
deniedWorkers    36.0  0.000000e+00  0.000000e+00  0.000000e+00  0.000000e+00  0.000000e+00  0.000000e+00  0.000000e+00  0.000000e+00  0.000000e+00  0.000  0.000

=== Histograms — mode=basket ===

seed
  [202608081.00, 430542172.38) | ######################################## 27
  [430542172.38, 658476263.75) |                                          0
  [658476263.75, 886410355.12) |                                          0
  [886410355.12, 1114344446.50) |                                          0
  [1114344446.50, 1342278537.88) |                                          0
  [1342278537.88, 1570212629.25) |                                          0
  [1570212629.25, 1798146720.62) |                                          0
  [1798146720.62, 2026080812.00) | #############                            9

role_pnl
  [    -60.85,     -48.21) | ###                                      1
  [    -48.21,     -35.58) | #######                                  2
  [    -35.58,     -22.94) | ##########                               3
  [    -22.94,     -10.31) | ##############                           4
  [    -10.31,       2.32) | #####################                    6
  [      2.32,      14.96) | ######################################## 11
  [     14.96,      27.59) | #########################                7
  [     27.59,      40.22) | #######                                  2

wallet_sum_pnl
  [     -0.00,      -0.00) | ##########################               6
  [     -0.00,      -0.00) | ##########################               6
  [     -0.00,      -0.00) | ##########################               6
  [     -0.00,       0.00) | ##########################               6
  [      0.00,       0.00) | ######################################## 9
  [      0.00,       0.00) |                                          0
  [      0.00,       0.00) |                                          0
  [      0.00,       0.00) | #############                            3

realizedAbs
  [     86.71,     106.09) | #############                            3
  [    106.09,     125.47) | ##########################               6
  [    125.47,     144.85) | #############                            3
  [    144.85,     164.24) |                                          0
  [    164.24,     183.62) | #############                            3
  [    183.62,     203.00) | ######################################## 9
  [    203.00,     222.38) | ##########################               6
  [    222.38,     241.77) | ##########################               6

minSpot
  [      0.11,       0.11) | #############                            3
  [      0.11,       0.12) | ##########################               6
  [      0.12,       0.12) | #############                            3
  [      0.12,       0.12) | ##########################               6
  [      0.12,       0.12) | #############                            3
  [      0.12,       0.12) | ######################################## 9
  [      0.12,       0.13) | #############                            3
  [      0.13,       0.13) | #############                            3

maxSpot
  [      0.20,       0.20) | ##############################           9
  [      0.20,       0.21) | ######################################## 12
  [      0.21,       0.21) | ##############################           9
  [      0.21,       0.22) |                                          0
  [      0.22,       0.22) | ##########                               3
  [      0.22,       0.23) |                                          0
  [      0.23,       0.23) |                                          0
  [      0.23,       0.24) | ##########                               3

minCurve
  [      0.11,       0.11) | ######################################## 6
  [      0.11,       0.11) | ####################                     3
  [      0.11,       0.11) | ####################                     3
  [      0.11,       0.11) | ######################################## 6
  [      0.11,       0.11) | ####################                     3
  [      0.11,       0.11) | ######################################## 6
  [      0.11,       0.12) | ######################################## 6
  [      0.12,       0.12) | ####################                     3

maxCurve
  [      0.24,       0.24) | ######                                   3
  [      0.24,       0.25) |                                          0
  [      0.25,       0.25) | ####################                     9
  [      0.25,       0.25) | ######################################## 18
  [      0.25,       0.26) |                                          0
  [      0.26,       0.26) | ######                                   3
  [      0.26,       0.26) |                                          0
  [      0.26,       0.27) | ######                                   3

rounds
  [     59.50,      59.62) |                                          0
  [     59.62,      59.75) |                                          0
  [     59.75,      59.88) |                                          0
  [     59.88,      60.00) |                                          0
  [     60.00,      60.12) | ######################################## 36
  [     60.12,      60.25) |                                          0
  [     60.25,      60.38) |                                          0
  [     60.38,      60.50) |                                          0

settlementLegs
  [     77.00,      77.75) | ##########                               3
  [     77.75,      78.50) | ##########                               3
  [     78.50,      79.25) | ######################################## 12
  [     79.25,      80.00) |                                          0
  [     80.00,      80.75) | ####################                     6
  [     80.75,      81.50) |                                          0
  [     81.50,      82.25) | ##############################           9
  [     82.25,      83.00) | ##########                               3

x402Total
  [     -0.50,      -0.38) |                                          0
  [     -0.38,      -0.25) |                                          0
  [     -0.25,      -0.12) |                                          0
  [     -0.12,       0.00) |                                          0
  [      0.00,       0.12) | ######################################## 36
  [      0.12,       0.25) |                                          0
  [      0.25,       0.38) |                                          0
  [      0.38,       0.50) |                                          0

deniedWorkers
  [     -0.50,      -0.38) |                                          0
  [     -0.38,      -0.25) |                                          0
  [     -0.25,      -0.12) |                                          0
  [     -0.12,       0.00) |                                          0
  [      0.00,       0.12) | ######################################## 36
  [      0.12,       0.25) |                                          0
  [      0.25,       0.38) |                                          0
  [      0.38,       0.50) |                                          0

=== Descriptive Statistics — mode=spread ===
                count          mean           std           min            5%           25%           50%           75%           95%           max   skew   kurt
seed             36.0  6.584763e+08  8.007872e+08  2.026081e+08  2.026081e+08  2.026081e+08  2.026081e+08  6.584763e+08  2.026081e+09  2.026081e+09  1.206 -0.582
role_pnl         36.0 -6.580755e+02  7.906991e+03 -2.770146e+04 -1.336409e+04 -2.774985e+03  6.425620e+02  3.372815e+03  1.034740e+04  1.222011e+04 -1.205  2.808
wallet_sum_pnl   36.0  6.951476e-13  6.970852e-12 -8.753887e-12 -8.753887e-12 -3.922196e-12 -1.250555e-12  5.570655e-12  1.273293e-11  1.273293e-11  0.251 -1.125
realizedAbs      36.0  4.408578e+04  1.715755e+04  2.456295e+04  2.456295e+04  3.245040e+04  4.323362e+04  4.917323e+04  8.831883e+04  8.831883e+04  1.290  1.707
minSpot          36.0  4.248333e+01  1.458906e+00  4.007223e+01  4.007223e+01  4.144890e+01  4.253835e+01  4.355014e+01  4.515955e+01  4.515955e+01  0.069 -0.917
maxSpot          36.0  6.692462e+01  1.936361e+00  6.444750e+01  6.444750e+01  6.567501e+01  6.678349e+01  6.815873e+01  7.054335e+01  7.054335e+01  0.394 -0.730
minCurve         36.0  3.995508e+01  9.418293e-01  3.842650e+01  3.842650e+01  3.895600e+01  4.027575e+01  4.058763e+01  4.138450e+01  4.138450e+01 -0.248 -1.299
maxCurve         36.0  7.114192e+01  1.510069e+00  6.893600e+01  6.893600e+01  6.988962e+01  7.130925e+01  7.242300e+01  7.328300e+01  7.328300e+01 -0.103 -1.419
rounds           36.0  6.000000e+01  0.000000e+00  6.000000e+01  6.000000e+01  6.000000e+01  6.000000e+01  6.000000e+01  6.000000e+01  6.000000e+01  0.000  0.000
settlementLegs   36.0  8.025000e+01  1.947526e+00  7.700000e+01  7.700000e+01  7.875000e+01  8.000000e+01  8.200000e+01  8.300000e+01  8.300000e+01 -0.078 -1.162
x402Total        36.0  0.000000e+00  0.000000e+00  0.000000e+00  0.000000e+00  0.000000e+00  0.000000e+00  0.000000e+00  0.000000e+00  0.000000e+00  0.000  0.000
deniedWorkers    36.0  0.000000e+00  0.000000e+00  0.000000e+00  0.000000e+00  0.000000e+00  0.000000e+00  0.000000e+00  0.000000e+00  0.000000e+00  0.000  0.000

=== Histograms — mode=spread ===

seed
  [202608081.00, 430542172.38) | ######################################## 27
  [430542172.38, 658476263.75) |                                          0
  [658476263.75, 886410355.12) |                                          0
  [886410355.12, 1114344446.50) |                                          0
  [1114344446.50, 1342278537.88) |                                          0
  [1342278537.88, 1570212629.25) |                                          0
  [1570212629.25, 1798146720.62) |                                          0
  [1798146720.62, 2026080812.00) | #############                            9

role_pnl
  [ -27701.46,  -22711.26) | ##                                       1
  [ -22711.26,  -17721.07) |                                          0
  [ -17721.07,  -12730.87) | #####                                    2
  [ -12730.87,   -7740.67) | ########                                 3
  [  -7740.67,   -2750.48) | ########                                 3
  [  -2750.48,    2239.72) | ######################################## 15
  [   2239.72,    7229.91) | ##################                       7
  [   7229.91,   12220.11) | #############                            5

wallet_sum_pnl
  [     -0.00,      -0.00) | ######################################## 9
  [     -0.00,      -0.00) |                                          0
  [     -0.00,      -0.00) | ######################################## 9
  [     -0.00,       0.00) | #############                            3
  [      0.00,       0.00) |                                          0
  [      0.00,       0.00) | ######################################## 9
  [      0.00,       0.00) |                                          0
  [      0.00,       0.00) | ##########################               6

realizedAbs
  [  24562.95,   32532.43) | ##############################           9
  [  32532.43,   40501.92) | ####################                     6
  [  40501.92,   48471.40) | ######################################## 12
  [  48471.40,   56440.89) | ##########                               3
  [  56440.89,   64410.37) | ##########                               3
  [  64410.37,   72379.86) |                                          0
  [  72379.86,   80349.34) |                                          0
  [  80349.34,   88318.83) | ##########                               3

minSpot
  [     40.07,      40.71) | ##########                               3
  [     40.71,      41.34) | ####################                     6
  [     41.34,      41.98) | ####################                     6
  [     41.98,      42.62) | ##########                               3
  [     42.62,      43.25) | ##########                               3
  [     43.25,      43.89) | ######################################## 12
  [     43.89,      44.52) |                                          0
  [     44.52,      45.16) | ##########                               3

maxSpot
  [     64.45,      65.21) | ######################################## 9
  [     65.21,      65.97) |                                          0
  [     65.97,      66.73) | ######################################## 9
  [     66.73,      67.50) | ##########################               6
  [     67.50,      68.26) | ##########################               6
  [     68.26,      69.02) |                                          0
  [     69.02,      69.78) |                                          0
  [     69.78,      70.54) | ##########################               6

minCurve
  [     38.43,      38.80) | #############                            3
  [     38.80,      39.17) | ######################################## 9
  [     39.17,      39.54) |                                          0
  [     39.54,      39.91) | #############                            3
  [     39.91,      40.28) | #############                            3
  [     40.28,      40.65) | ######################################## 9
  [     40.65,      41.01) | ##########################               6
  [     41.01,      41.38) | #############                            3

maxCurve
  [     68.94,      69.48) | ##########################               6
  [     69.48,      70.02) | ##########################               6
  [     70.02,      70.57) | #############                            3
  [     70.57,      71.11) | #############                            3
  [     71.11,      71.65) |                                          0
  [     71.65,      72.20) | ##########################               6
  [     72.20,      72.74) | #############                            3
  [     72.74,      73.28) | ######################################## 9

rounds
  [     59.50,      59.62) |                                          0
  [     59.62,      59.75) |                                          0
  [     59.75,      59.88) |                                          0
  [     59.88,      60.00) |                                          0
  [     60.00,      60.12) | ######################################## 36
  [     60.12,      60.25) |                                          0
  [     60.25,      60.38) |                                          0
  [     60.38,      60.50) |                                          0

settlementLegs
  [     77.00,      77.75) | #############                            3
  [     77.75,      78.50) | ##########################               6
  [     78.50,      79.25) | #############                            3
  [     79.25,      80.00) |                                          0
  [     80.00,      80.75) | ######################################## 9
  [     80.75,      81.50) | #############                            3
  [     81.50,      82.25) | ##########################               6
  [     82.25,      83.00) | ##########################               6

x402Total
  [     -0.50,      -0.38) |                                          0
  [     -0.38,      -0.25) |                                          0
  [     -0.25,      -0.12) |                                          0
  [     -0.12,       0.00) |                                          0
  [      0.00,       0.12) | ######################################## 36
  [      0.12,       0.25) |                                          0
  [      0.25,       0.38) |                                          0
  [      0.38,       0.50) |                                          0

deniedWorkers
  [     -0.50,      -0.38) |                                          0
  [     -0.38,      -0.25) |                                          0
  [     -0.25,      -0.12) |                                          0
  [     -0.12,       0.00) |                                          0
  [      0.00,       0.12) | ######################################## 36
  [      0.12,       0.25) |                                          0
  [      0.25,       0.38) |                                          0
  [      0.38,       0.50) |                                          0

=== Descriptive Statistics — mode=synthetic ===
                count          mean           std           min            5%           25%           50%           75%           95%           max   skew   kurt
seed             36.0  6.584763e+08  8.007872e+08  2.026081e+08  2.026081e+08  2.026081e+08  2.026081e+08  6.584763e+08  2.026081e+09  2.026081e+09  1.206 -0.582
role_pnl         36.0 -2.433338e-01  7.720311e+00 -2.059190e+01 -1.588647e+01 -4.436842e+00  1.042675e+00  4.126192e+00  1.004258e+01  1.280150e+01 -0.782  0.717
wallet_sum_pnl   36.0 -7.332098e-16  7.141247e-15 -1.382228e-14 -1.382228e-14 -2.740863e-15 -4.440892e-16  5.662137e-15  9.769963e-15  9.769963e-15 -0.579 -0.353
realizedAbs      36.0  6.790175e+01  1.750144e+01  3.322008e+01  3.322008e+01  5.460727e+01  7.224007e+01  8.219531e+01  8.921701e+01  8.921701e+01 -0.564 -0.769
minSpot          36.0  4.796782e-02  1.647439e-03  4.502380e-02  4.502380e-02  4.700273e-02  4.778375e-02  4.923933e-02  5.092130e-02  5.092130e-02 -0.053 -0.715
maxSpot          36.0  8.433779e-02  3.758374e-03  7.996445e-02  7.996445e-02  8.232336e-02  8.352962e-02  8.419482e-02  9.463247e-02  9.463247e-02  1.786  2.874
minCurve         36.0  4.470833e-02  8.398554e-04  4.350000e-02  4.350000e-02  4.400000e-02  4.475000e-02  4.512500e-02  4.600000e-02  4.600000e-02  0.095 -1.076
maxCurve         36.0  1.005000e-01  3.014252e-03  9.500000e-02  9.500000e-02  9.937500e-02  1.000000e-01  1.010000e-01  1.075000e-01  1.075000e-01  0.731  1.184
rounds           36.0  6.000000e+01  0.000000e+00  6.000000e+01  6.000000e+01  6.000000e+01  6.000000e+01  6.000000e+01  6.000000e+01  6.000000e+01  0.000  0.000
settlementLegs   36.0  8.008333e+01  2.534054e+00  7.400000e+01  7.400000e+01  7.875000e+01  8.100000e+01  8.200000e+01  8.300000e+01  8.300000e+01 -1.002  0.633
x402Total        36.0  0.000000e+00  0.000000e+00  0.000000e+00  0.000000e+00  0.000000e+00  0.000000e+00  0.000000e+00  0.000000e+00  0.000000e+00  0.000  0.000
deniedWorkers    36.0  0.000000e+00  0.000000e+00  0.000000e+00  0.000000e+00  0.000000e+00  0.000000e+00  0.000000e+00  0.000000e+00  0.000000e+00  0.000  0.000

=== Histograms — mode=synthetic ===

seed
  [202608081.00, 430542172.38) | ######################################## 27
  [430542172.38, 658476263.75) |                                          0
  [658476263.75, 886410355.12) |                                          0
  [886410355.12, 1114344446.50) |                                          0
  [1114344446.50, 1342278537.88) |                                          0
  [1342278537.88, 1570212629.25) |                                          0
  [1570212629.25, 1798146720.62) |                                          0
  [1798146720.62, 2026080812.00) | #############                            9

role_pnl
  [    -20.59,     -16.42) | ######                                   2
  [    -16.42,     -12.24) | ###                                      1
  [    -12.24,      -8.07) | ###                                      1
  [     -8.07,      -3.90) | #######################                  7
  [     -3.90,       0.28) | #############                            4
  [      0.28,       4.45) | ######################################## 12
  [      4.45,       8.63) | ################                         5
  [      8.63,      12.80) | #############                            4

wallet_sum_pnl
  [     -0.00,      -0.00) | ####################                     6
  [     -0.00,      -0.00) |                                          0
  [     -0.00,      -0.00) |                                          0
  [     -0.00,      -0.00) | ####################                     6
  [     -0.00,       0.00) | ######################################## 12
  [      0.00,       0.00) |                                          0
  [      0.00,       0.00) | ##############################           9
  [      0.00,       0.00) | ##########                               3

realizedAbs
  [     33.22,      40.22) | #############                            3
  [     40.22,      47.22) | #############                            3
  [     47.22,      54.22) | #############                            3
  [     54.22,      61.22) | #############                            3
  [     61.22,      68.22) | #############                            3
  [     68.22,      75.22) | ##########################               6
  [     75.22,      82.22) | ##########################               6
  [     82.22,      89.22) | ######################################## 9

minSpot
  [      0.05,       0.05) | #############                            3
  [      0.05,       0.05) | ##########################               6
  [      0.05,       0.05) | #############                            3
  [      0.05,       0.05) | ##########################               6
  [      0.05,       0.05) | #############                            3
  [      0.05,       0.05) | ######################################## 9
  [      0.05,       0.05) | #############                            3
  [      0.05,       0.05) | #############                            3

maxSpot
  [      0.08,       0.08) | ##############################           9
  [      0.08,       0.08) | ######################################## 12
  [      0.08,       0.09) | ##############################           9
  [      0.09,       0.09) |                                          0
  [      0.09,       0.09) | ##########                               3
  [      0.09,       0.09) |                                          0
  [      0.09,       0.09) |                                          0
  [      0.09,       0.09) | ##########                               3

minCurve
  [      0.04,       0.04) | ##########################               6
  [      0.04,       0.04) | ##########################               6
  [      0.04,       0.04) |                                          0
  [      0.04,       0.04) | ##########################               6
  [      0.04,       0.05) | ######################################## 9
  [      0.05,       0.05) |                                          0
  [      0.05,       0.05) | #############                            3
  [      0.05,       0.05) | ##########################               6

maxCurve
  [      0.10,       0.10) | ######                                   3
  [      0.10,       0.10) | ######                                   3
  [      0.10,       0.10) | #############                            6
  [      0.10,       0.10) | ######################################## 18
  [      0.10,       0.10) |                                          0
  [      0.10,       0.10) |                                          0
  [      0.10,       0.11) | ######                                   3
  [      0.11,       0.11) | ######                                   3

rounds
  [     59.50,      59.62) |                                          0
  [     59.62,      59.75) |                                          0
  [     59.75,      59.88) |                                          0
  [     59.88,      60.00) |                                          0
  [     60.00,      60.12) | ######################################## 36
  [     60.12,      60.25) |                                          0
  [     60.25,      60.38) |                                          0
  [     60.38,      60.50) |                                          0

settlementLegs
  [     74.00,      75.12) | ##########                               3
  [     75.12,      76.25) |                                          0
  [     76.25,      77.38) |                                          0
  [     77.38,      78.50) | ####################                     6
  [     78.50,      79.62) | ####################                     6
  [     79.62,      80.75) |                                          0
  [     80.75,      81.88) | ##############################           9
  [     81.88,      83.00) | ######################################## 12

x402Total
  [     -0.50,      -0.38) |                                          0
  [     -0.38,      -0.25) |                                          0
  [     -0.25,      -0.12) |                                          0
  [     -0.12,       0.00) |                                          0
  [      0.00,       0.12) | ######################################## 36
  [      0.12,       0.25) |                                          0
  [      0.25,       0.38) |                                          0
  [      0.38,       0.50) |                                          0

deniedWorkers
  [     -0.50,      -0.38) |                                          0
  [     -0.38,      -0.25) |                                          0
  [     -0.25,      -0.12) |                                          0
  [     -0.12,       0.00) |                                          0
  [      0.00,       0.12) | ######################################## 36
  [      0.12,       0.25) |                                          0
  [      0.25,       0.38) |                                          0
  [      0.38,       0.50) |                                          0

=== Descriptive Statistics — mode=x402 ===
                count          mean           std           min            5%           25%           50%           75%           95%           max   skew   kurt
seed             36.0  6.584763e+08  8.007872e+08  2.026081e+08  2.026081e+08  2.026081e+08  2.026081e+08  6.584763e+08  2.026081e+09  2.026081e+09  1.206 -0.582
role_pnl         36.0 -2.433338e-01  7.720311e+00 -2.059190e+01 -1.588647e+01 -4.436842e+00  1.042675e+00  4.126192e+00  1.004258e+01  1.280150e+01 -0.782  0.717
wallet_sum_pnl   36.0 -7.332098e-16  7.141247e-15 -1.382228e-14 -1.382228e-14 -2.740863e-15 -4.440892e-16  5.662137e-15  9.769963e-15  9.769963e-15 -0.579 -0.353
realizedAbs      36.0  6.790175e+01  1.750144e+01  3.322008e+01  3.322008e+01  5.460727e+01  7.224007e+01  8.219531e+01  8.921701e+01  8.921701e+01 -0.564 -0.769
minSpot          36.0  4.796782e-02  1.647439e-03  4.502380e-02  4.502380e-02  4.700273e-02  4.778375e-02  4.923933e-02  5.092130e-02  5.092130e-02 -0.053 -0.715
maxSpot          36.0  8.433779e-02  3.758374e-03  7.996445e-02  7.996445e-02  8.232336e-02  8.352962e-02  8.419482e-02  9.463247e-02  9.463247e-02  1.786  2.874
minCurve         36.0  4.470833e-02  8.398554e-04  4.350000e-02  4.350000e-02  4.400000e-02  4.475000e-02  4.512500e-02  4.600000e-02  4.600000e-02  0.095 -1.076
maxCurve         36.0  1.005000e-01  3.014252e-03  9.500000e-02  9.500000e-02  9.937500e-02  1.000000e-01  1.010000e-01  1.075000e-01  1.075000e-01  0.731  1.184
rounds           36.0  6.000000e+01  0.000000e+00  6.000000e+01  6.000000e+01  6.000000e+01  6.000000e+01  6.000000e+01  6.000000e+01  6.000000e+01  0.000  0.000
settlementLegs   36.0  8.008333e+01  2.534054e+00  7.400000e+01  7.400000e+01  7.875000e+01  8.100000e+01  8.200000e+01  8.300000e+01  8.300000e+01 -1.002  0.633
x402Total        36.0  3.283724e+02  2.984376e+01  2.719947e+02  2.719947e+02  3.046405e+02  3.364376e+02  3.504038e+02  3.680589e+02  3.680589e+02 -0.575 -0.938
deniedWorkers    36.0  0.000000e+00  0.000000e+00  0.000000e+00  0.000000e+00  0.000000e+00  0.000000e+00  0.000000e+00  0.000000e+00  0.000000e+00  0.000  0.000

=== Histograms — mode=x402 ===

seed
  [202608081.00, 430542172.38) | ######################################## 27
  [430542172.38, 658476263.75) |                                          0
  [658476263.75, 886410355.12) |                                          0
  [886410355.12, 1114344446.50) |                                          0
  [1114344446.50, 1342278537.88) |                                          0
  [1342278537.88, 1570212629.25) |                                          0
  [1570212629.25, 1798146720.62) |                                          0
  [1798146720.62, 2026080812.00) | #############                            9

role_pnl
  [    -20.59,     -16.42) | ######                                   2
  [    -16.42,     -12.24) | ###                                      1
  [    -12.24,      -8.07) | ###                                      1
  [     -8.07,      -3.90) | #######################                  7
  [     -3.90,       0.28) | #############                            4
  [      0.28,       4.45) | ######################################## 12
  [      4.45,       8.63) | ################                         5
  [      8.63,      12.80) | #############                            4

wallet_sum_pnl
  [     -0.00,      -0.00) | ####################                     6
  [     -0.00,      -0.00) |                                          0
  [     -0.00,      -0.00) |                                          0
  [     -0.00,      -0.00) | ####################                     6
  [     -0.00,       0.00) | ######################################## 12
  [      0.00,       0.00) |                                          0
  [      0.00,       0.00) | ##############################           9
  [      0.00,       0.00) | ##########                               3

realizedAbs
  [     33.22,      40.22) | #############                            3
  [     40.22,      47.22) | #############                            3
  [     47.22,      54.22) | #############                            3
  [     54.22,      61.22) | #############                            3
  [     61.22,      68.22) | #############                            3
  [     68.22,      75.22) | ##########################               6
  [     75.22,      82.22) | ##########################               6
  [     82.22,      89.22) | ######################################## 9

minSpot
  [      0.05,       0.05) | #############                            3
  [      0.05,       0.05) | ##########################               6
  [      0.05,       0.05) | #############                            3
  [      0.05,       0.05) | ##########################               6
  [      0.05,       0.05) | #############                            3
  [      0.05,       0.05) | ######################################## 9
  [      0.05,       0.05) | #############                            3
  [      0.05,       0.05) | #############                            3

maxSpot
  [      0.08,       0.08) | ##############################           9
  [      0.08,       0.08) | ######################################## 12
  [      0.08,       0.09) | ##############################           9
  [      0.09,       0.09) |                                          0
  [      0.09,       0.09) | ##########                               3
  [      0.09,       0.09) |                                          0
  [      0.09,       0.09) |                                          0
  [      0.09,       0.09) | ##########                               3

minCurve
  [      0.04,       0.04) | ##########################               6
  [      0.04,       0.04) | ##########################               6
  [      0.04,       0.04) |                                          0
  [      0.04,       0.04) | ##########################               6
  [      0.04,       0.05) | ######################################## 9
  [      0.05,       0.05) |                                          0
  [      0.05,       0.05) | #############                            3
  [      0.05,       0.05) | ##########################               6

maxCurve
  [      0.10,       0.10) | ######                                   3
  [      0.10,       0.10) | ######                                   3
  [      0.10,       0.10) | #############                            6
  [      0.10,       0.10) | ######################################## 18
  [      0.10,       0.10) |                                          0
  [      0.10,       0.10) |                                          0
  [      0.10,       0.11) | ######                                   3
  [      0.11,       0.11) | ######                                   3

rounds
  [     59.50,      59.62) |                                          0
  [     59.62,      59.75) |                                          0
  [     59.75,      59.88) |                                          0
  [     59.88,      60.00) |                                          0
  [     60.00,      60.12) | ######################################## 36
  [     60.12,      60.25) |                                          0
  [     60.25,      60.38) |                                          0
  [     60.38,      60.50) |                                          0

settlementLegs
  [     74.00,      75.12) | ##########                               3
  [     75.12,      76.25) |                                          0
  [     76.25,      77.38) |                                          0
  [     77.38,      78.50) | ####################                     6
  [     78.50,      79.62) | ####################                     6
  [     79.62,      80.75) |                                          0
  [     80.75,      81.88) | ##############################           9
  [     81.88,      83.00) | ######################################## 12

x402Total
  [    271.99,     284.00) | #############                            3
  [    284.00,     296.01) | ##########################               6
  [    296.01,     308.02) |                                          0
  [    308.02,     320.03) | #############                            3
  [    320.03,     332.03) | #############                            3
  [    332.03,     344.04) | ##########################               6
  [    344.04,     356.05) | ######################################## 9
  [    356.05,     368.06) | ##########################               6

deniedWorkers
  [     -0.50,      -0.38) |                                          0
  [     -0.38,      -0.25) |                                          0
  [     -0.25,      -0.12) |                                          0
  [     -0.12,       0.00) |                                          0
  [      0.00,       0.12) | ######################################## 36
  [      0.12,       0.25) |                                          0
  [      0.25,       0.38) |                                          0
  [      0.38,       0.50) |                                          0


Stats saved to /home/runner/work/aeon/aeon/out/programmatic-eda/compute-futures-2026-08-08/distributions_by_mode.csv
