=== Descriptive Statistics — mode=basket ===
                count          mean           std           min            5%           25%           50%           75%           95%           max   skew   kurt
seed             36.0  6.584769e+08  8.007881e+08  2.026083e+08  2.026083e+08  2.026083e+08  2.026083e+08  6.584770e+08  2.026083e+09  2.026083e+09  1.206 -0.582
role_pnl         36.0 -1.488494e+00  2.621897e+01 -7.024975e+01 -4.364589e+01 -1.836384e+01  4.347561e+00  1.647011e+01  3.330295e+01  4.131407e+01 -0.688  0.170
wallet_sum_pnl   36.0  7.475502e-15  3.135291e-14 -6.039613e-14 -6.039613e-14 -2.664535e-15  1.310063e-14  2.520206e-14  5.284662e-14  5.284662e-14 -0.769  0.016
realizedAbs      36.0  2.134211e+02  5.782127e+01  1.079842e+02  1.079842e+02  1.723575e+02  2.204059e+02  2.445643e+02  3.081561e+02  3.081561e+02  0.001 -0.705
minSpot          36.0  1.171362e-01  4.675692e-03  1.071198e-01  1.071198e-01  1.147631e-01  1.172190e-01  1.204275e-01  1.247326e-01  1.247326e-01 -0.423 -0.042
maxSpot          36.0  2.134631e-01  1.165767e-02  1.985177e-01  1.985177e-01  2.005766e-01  2.144689e-01  2.212149e-01  2.350317e-01  2.350317e-01  0.184 -1.031
minCurve         36.0  1.111458e-01  2.910188e-03  1.060000e-01  1.060000e-01  1.090000e-01  1.120000e-01  1.135625e-01  1.145000e-01  1.145000e-01 -0.526 -1.068
maxCurve         36.0  2.445417e-01  3.717478e-03  2.375000e-01  2.375000e-01  2.425000e-01  2.450000e-01  2.471250e-01  2.495000e-01  2.495000e-01 -0.473 -0.821
rounds           36.0  6.000000e+01  0.000000e+00  6.000000e+01  6.000000e+01  6.000000e+01  6.000000e+01  6.000000e+01  6.000000e+01  6.000000e+01  0.000  0.000
settlementLegs   36.0  7.966667e+01  2.124685e+00  7.500000e+01  7.500000e+01  7.900000e+01  7.950000e+01  8.100000e+01  8.300000e+01  8.300000e+01 -0.614  0.161
x402Total        36.0  0.000000e+00  0.000000e+00  0.000000e+00  0.000000e+00  0.000000e+00  0.000000e+00  0.000000e+00  0.000000e+00  0.000000e+00  0.000  0.000
deniedWorkers    36.0  0.000000e+00  0.000000e+00  0.000000e+00  0.000000e+00  0.000000e+00  0.000000e+00  0.000000e+00  0.000000e+00  0.000000e+00  0.000  0.000

=== Histograms — mode=basket ===

seed
  [202608291.00, 430542618.62) | ######################################## 27
  [430542618.62, 658476946.25) |                                          0
  [658476946.25, 886411273.88) |                                          0
  [886411273.88, 1114345601.50) |                                          0
  [1114345601.50, 1342279929.12) |                                          0
  [1342279929.12, 1570214256.75) |                                          0
  [1570214256.75, 1798148584.38) |                                          0
  [1798148584.38, 2026082912.00) | #############                            9

role_pnl
  [    -70.25,     -56.30) | ########                                 2
  [    -56.30,     -42.36) |                                          0
  [    -42.36,     -28.41) | ######################                   5
  [    -28.41,     -14.47) | #############                            3
  [    -14.47,      -0.52) | ###############################          7
  [     -0.52,      13.42) | ##########################               6
  [     13.42,      27.37) | ######################################## 9
  [     27.37,      41.31) | #################                        4

wallet_sum_pnl
  [     -0.00,      -0.00) | ########                                 3
  [     -0.00,      -0.00) | ########                                 3
  [     -0.00,      -0.00) | ########                                 3
  [     -0.00,      -0.00) |                                          0
  [     -0.00,       0.00) | ########                                 3
  [      0.00,       0.00) | ######################################## 15
  [      0.00,       0.00) | ########                                 3
  [      0.00,       0.00) | ################                         6

realizedAbs
  [    107.98,     133.01) | #############                            3
  [    133.01,     158.03) | #############                            3
  [    158.03,     183.05) | ##########################               6
  [    183.05,     208.07) | #############                            3
  [    208.07,     233.09) | ######################################## 9
  [    233.09,     258.11) | #############                            3
  [    258.11,     283.13) | #############                            3
  [    283.13,     308.16) | ##########################               6

minSpot
  [      0.11,       0.11) | ####################                     3
  [      0.11,       0.11) |                                          0
  [      0.11,       0.11) | ######################################## 6
  [      0.11,       0.12) | ######################################## 6
  [      0.12,       0.12) | ######################################## 6
  [      0.12,       0.12) | ####################                     3
  [      0.12,       0.12) | ######################################## 6
  [      0.12,       0.12) | ######################################## 6

maxSpot
  [      0.20,       0.20) | ######################################## 12
  [      0.20,       0.21) |                                          0
  [      0.21,       0.21) | ##########                               3
  [      0.21,       0.22) | ####################                     6
  [      0.22,       0.22) | ####################                     6
  [      0.22,       0.23) | ####################                     6
  [      0.23,       0.23) |                                          0
  [      0.23,       0.24) | ##########                               3

minCurve
  [      0.11,       0.11) | ####################                     6
  [      0.11,       0.11) |                                          0
  [      0.11,       0.11) | ####################                     6
  [      0.11,       0.11) | ##########                               3
  [      0.11,       0.11) |                                          0
  [      0.11,       0.11) | ##########                               3
  [      0.11,       0.11) | ####################                     6
  [      0.11,       0.11) | ######################################## 12

maxCurve
  [      0.24,       0.24) | ##########                               3
  [      0.24,       0.24) | ##########                               3
  [      0.24,       0.24) |                                          0
  [      0.24,       0.24) | ##############################           9
  [      0.24,       0.24) | ##########                               3
  [      0.24,       0.25) |                                          0
  [      0.25,       0.25) | ######################################## 12
  [      0.25,       0.25) | ####################                     6

rounds
  [     59.50,      59.62) |                                          0
  [     59.62,      59.75) |                                          0
  [     59.75,      59.88) |                                          0
  [     59.88,      60.00) |                                          0
  [     60.00,      60.12) | ######################################## 36
  [     60.12,      60.25) |                                          0
  [     60.25,      60.38) |                                          0
  [     60.38,      60.50) |                                          0

settlementLegs
  [     75.00,      76.00) | ##########                               3
  [     76.00,      77.00) |                                          0
  [     77.00,      78.00) | ##########                               3
  [     78.00,      79.00) |                                          0
  [     79.00,      80.00) | ######################################## 12
  [     80.00,      81.00) | ##########                               3
  [     81.00,      82.00) | ##############################           9
  [     82.00,      83.00) | ####################                     6

x402Total
  [     -0.50,      -0.38) |                                          0
  [     -0.38,      -0.25) |                                          0
  [     -0.25,      -0.12) |                                          0
  [     -0.12,       0.00) |                                          0
  [      0.00,       0.12) | ######################################## 36
  [      0.12,       0.25) |                                          0
  [      0.25,       0.38) |                                          0
  [      0.38,       0.50) |                                          0

deniedWorkers
  [     -0.50,      -0.38) |                                          0
  [     -0.38,      -0.25) |                                          0
  [     -0.25,      -0.12) |                                          0
  [     -0.12,       0.00) |                                          0
  [      0.00,       0.12) | ######################################## 36
  [      0.12,       0.25) |                                          0
  [      0.25,       0.38) |                                          0
  [      0.38,       0.50) |                                          0

=== Descriptive Statistics — mode=spread ===
                count          mean           std           min            5%           25%           50%           75%           95%           max   skew   kurt
seed             36.0  6.584769e+08  8.007881e+08  2.026083e+08  2.026083e+08  2.026083e+08  2.026083e+08  6.584770e+08  2.026083e+09  2.026083e+09  1.206 -0.582
role_pnl         36.0 -3.717101e+02  8.389346e+03 -1.905471e+04 -1.713848e+04 -3.883829e+03  6.656445e+02  6.100902e+03  1.062402e+04  1.395127e+04 -0.641 -0.050
wallet_sum_pnl   36.0 -2.676378e-12  6.689584e-12 -1.705303e-11 -1.705303e-11 -4.945377e-12 -9.094947e-13  1.165290e-12  5.456968e-12  5.456968e-12 -0.882 -0.149
realizedAbs      36.0  4.844048e+04  1.009406e+04  2.911585e+04  2.911585e+04  4.109507e+04  4.891906e+04  5.494357e+04  6.403829e+04  6.403829e+04 -0.219 -0.735
minSpot          36.0  4.255748e+01  1.181343e+00  4.051213e+01  4.051213e+01  4.185068e+01  4.268036e+01  4.336866e+01  4.440436e+01  4.440436e+01 -0.250 -0.966
maxSpot          36.0  6.517159e+01  2.839054e+00  6.009841e+01  6.009841e+01  6.330481e+01  6.473400e+01  6.681860e+01  7.053467e+01  7.053467e+01  0.251 -0.381
minCurve         36.0  3.994887e+01  8.460216e-01  3.818400e+01  3.818400e+01  3.935725e+01  4.010025e+01  4.061100e+01  4.114450e+01  4.114450e+01 -0.536 -0.558
maxCurve         36.0  7.108021e+01  1.200921e+00  6.882700e+01  6.882700e+01  7.038275e+01  7.094225e+01  7.156450e+01  7.359300e+01  7.359300e+01  0.333  0.242
rounds           36.0  6.000000e+01  0.000000e+00  6.000000e+01  6.000000e+01  6.000000e+01  6.000000e+01  6.000000e+01  6.000000e+01  6.000000e+01  0.000  0.000
settlementLegs   36.0  8.058333e+01  1.574348e+00  7.900000e+01  7.900000e+01  7.900000e+01  8.000000e+01  8.150000e+01  8.300000e+01  8.300000e+01  0.605 -1.157
x402Total        36.0  0.000000e+00  0.000000e+00  0.000000e+00  0.000000e+00  0.000000e+00  0.000000e+00  0.000000e+00  0.000000e+00  0.000000e+00  0.000  0.000
deniedWorkers    36.0  0.000000e+00  0.000000e+00  0.000000e+00  0.000000e+00  0.000000e+00  0.000000e+00  0.000000e+00  0.000000e+00  0.000000e+00  0.000  0.000

=== Histograms — mode=spread ===

seed
  [202608291.00, 430542618.62) | ######################################## 27
  [430542618.62, 658476946.25) |                                          0
  [658476946.25, 886411273.88) |                                          0
  [886411273.88, 1114345601.50) |                                          0
  [1114345601.50, 1342279929.12) |                                          0
  [1342279929.12, 1570214256.75) |                                          0
  [1570214256.75, 1798148584.38) |                                          0
  [1798148584.38, 2026082912.00) | #############                            9

role_pnl
  [ -19054.71,  -14928.96) | ############                             3
  [ -14928.96,  -10803.21) | ####                                     1
  [ -10803.21,   -6677.47) | ################                         4
  [  -6677.47,   -2551.72) | ############                             3
  [  -2551.72,    1574.03) | ######################################## 10
  [   1574.03,    5699.77) | ####################                     5
  [   5699.77,    9825.52) | ############################             7
  [   9825.52,   13951.27) | ############                             3

wallet_sum_pnl
  [     -0.00,      -0.00) | #############                            3
  [     -0.00,      -0.00) | #############                            3
  [     -0.00,      -0.00) | #############                            3
  [     -0.00,      -0.00) |                                          0
  [     -0.00,      -0.00) | #############                            3
  [     -0.00,      -0.00) | ######################################## 9
  [     -0.00,       0.00) | ######################################## 9
  [      0.00,       0.00) | ##########################               6

realizedAbs
  [  29115.85,   33481.15) | ####################                     3
  [  33481.15,   37846.46) | ####################                     3
  [  37846.46,   42211.76) | ######################################## 6
  [  42211.76,   46577.07) | ####################                     3
  [  46577.07,   50942.37) | ######################################## 6
  [  50942.37,   55307.68) | ######################################## 6
  [  55307.68,   59672.98) | ####################                     3
  [  59672.98,   64038.29) | ######################################## 6

minSpot
  [     40.51,      41.00) | ##########################               6
  [     41.00,      41.49) | #############                            3
  [     41.49,      41.97) |                                          0
  [     41.97,      42.46) | ######################################## 9
  [     42.46,      42.94) | #############                            3
  [     42.94,      43.43) | ######################################## 9
  [     43.43,      43.92) |                                          0
  [     43.92,      44.40) | ##########################               6

maxSpot
  [     60.10,      61.40) | #############                            3
  [     61.40,      62.71) | #############                            3
  [     62.71,      64.01) | ######################################## 9
  [     64.01,      65.32) | ##########################               6
  [     65.32,      66.62) | #############                            3
  [     66.62,      67.93) | ##########################               6
  [     67.93,      69.23) | #############                            3
  [     69.23,      70.53) | #############                            3

minCurve
  [     38.18,      38.55) | ##########                               3
  [     38.55,      38.92) |                                          0
  [     38.92,      39.29) | ####################                     6
  [     39.29,      39.66) | ####################                     6
  [     39.66,      40.03) | ##########                               3
  [     40.03,      40.40) | ##########                               3
  [     40.40,      40.77) | ######################################## 12
  [     40.77,      41.14) | ##########                               3

maxCurve
  [     68.83,      69.42) | #############                            3
  [     69.42,      70.02) |                                          0
  [     70.02,      70.61) | ######################################## 9
  [     70.61,      71.21) | ######################################## 9
  [     71.21,      71.81) | ##########################               6
  [     71.81,      72.40) | #############                            3
  [     72.40,      73.00) | #############                            3
  [     73.00,      73.59) | #############                            3

rounds
  [     59.50,      59.62) |                                          0
  [     59.62,      59.75) |                                          0
  [     59.75,      59.88) |                                          0
  [     59.88,      60.00) |                                          0
  [     60.00,      60.12) | ######################################## 36
  [     60.12,      60.25) |                                          0
  [     60.25,      60.38) |                                          0
  [     60.38,      60.50) |                                          0

settlementLegs
  [     79.00,      79.50) | ######################################## 12
  [     79.50,      80.00) |                                          0
  [     80.00,      80.50) | ##############################           9
  [     80.50,      81.00) |                                          0
  [     81.00,      81.50) | ####################                     6
  [     81.50,      82.00) |                                          0
  [     82.00,      82.50) |                                          0
  [     82.50,      83.00) | ##############################           9

x402Total
  [     -0.50,      -0.38) |                                          0
  [     -0.38,      -0.25) |                                          0
  [     -0.25,      -0.12) |                                          0
  [     -0.12,       0.00) |                                          0
  [      0.00,       0.12) | ######################################## 36
  [      0.12,       0.25) |                                          0
  [      0.25,       0.38) |                                          0
  [      0.38,       0.50) |                                          0

deniedWorkers
  [     -0.50,      -0.38) |                                          0
  [     -0.38,      -0.25) |                                          0
  [     -0.25,      -0.12) |                                          0
  [     -0.12,       0.00) |                                          0
  [      0.00,       0.12) | ######################################## 36
  [      0.12,       0.25) |                                          0
  [      0.25,       0.38) |                                          0
  [      0.38,       0.50) |                                          0

=== Descriptive Statistics — mode=synthetic ===
                count          mean           std           min            5%           25%           50%           75%           95%           max   skew   kurt
seed             36.0  6.584769e+08  8.007881e+08  2.026083e+08  2.026083e+08  2.026083e+08  2.026083e+08  6.584770e+08  2.026083e+09  2.026083e+09  1.206 -0.582
role_pnl         36.0 -4.977719e-01  9.454505e+00 -2.682011e+01 -1.650788e+01 -5.315611e+00  5.835235e-01  5.823829e+00  1.202012e+01  1.566366e+01 -0.728  0.548
wallet_sum_pnl   36.0 -2.590520e-16  1.110061e-14 -1.731948e-14 -1.731948e-14 -6.661338e-15 -1.110223e-15  5.079270e-15  2.486900e-14  2.486900e-14  0.593  0.313
realizedAbs      36.0  8.447402e+01  2.320172e+01  3.847038e+01  3.847038e+01  6.940608e+01  8.513252e+01  9.777641e+01  1.238789e+02  1.238789e+02 -0.083 -0.303
minSpot          36.0  4.685447e-02  1.870277e-03  4.284792e-02  4.284792e-02  4.590522e-02  4.688760e-02  4.817101e-02  4.989304e-02  4.989304e-02 -0.423 -0.042
maxSpot          36.0  8.538523e-02  4.663067e-03  7.940709e-02  7.940709e-02  8.023065e-02  8.578756e-02  8.848595e-02  9.401270e-02  9.401270e-02  0.184 -1.031
minCurve         36.0  4.458333e-02  1.208600e-03  4.250000e-02  4.250000e-02  4.387500e-02  4.500000e-02  4.556250e-02  4.600000e-02  4.600000e-02 -0.582 -0.896
maxCurve         36.0  9.791667e-02  1.574348e-03  9.500000e-02  9.500000e-02  9.700000e-02  9.800000e-02  9.900000e-02  1.000000e-01  1.000000e-01 -0.431 -0.793
rounds           36.0  6.000000e+01  0.000000e+00  6.000000e+01  6.000000e+01  6.000000e+01  6.000000e+01  6.000000e+01  6.000000e+01  6.000000e+01  0.000  0.000
settlementLegs   36.0  7.958333e+01  2.358874e+00  7.500000e+01  7.500000e+01  7.800000e+01  8.050000e+01  8.100000e+01  8.300000e+01  8.300000e+01 -0.588 -0.628
x402Total        36.0  0.000000e+00  0.000000e+00  0.000000e+00  0.000000e+00  0.000000e+00  0.000000e+00  0.000000e+00  0.000000e+00  0.000000e+00  0.000  0.000
deniedWorkers    36.0  0.000000e+00  0.000000e+00  0.000000e+00  0.000000e+00  0.000000e+00  0.000000e+00  0.000000e+00  0.000000e+00  0.000000e+00  0.000  0.000

=== Histograms — mode=synthetic ===

seed
  [202608291.00, 430542618.62) | ######################################## 27
  [430542618.62, 658476946.25) |                                          0
  [658476946.25, 886411273.88) |                                          0
  [886411273.88, 1114345601.50) |                                          0
  [1114345601.50, 1342279929.12) |                                          0
  [1342279929.12, 1570214256.75) |                                          0
  [1570214256.75, 1798148584.38) |                                          0
  [1798148584.38, 2026082912.00) | #############                            9

role_pnl
  [    -26.82,     -21.51) | ####                                     1
  [    -21.51,     -16.20) | ####                                     1
  [    -16.20,     -10.89) | ########                                 2
  [    -10.89,      -5.58) | #################                        4
  [     -5.58,      -0.27) | ######################################## 9
  [     -0.27,       5.04) | ###############################          7
  [      5.04,      10.35) | ###################################      8
  [     10.35,      15.66) | #################                        4

wallet_sum_pnl
  [     -0.00,      -0.00) | ##########################               6
  [     -0.00,      -0.00) | #############                            3
  [     -0.00,      -0.00) | ######################################## 9
  [     -0.00,       0.00) | #############                            3
  [      0.00,       0.00) | ######################################## 9
  [      0.00,       0.00) | #############                            3
  [      0.00,       0.00) |                                          0
  [      0.00,       0.00) | #############                            3

realizedAbs
  [     38.47,      49.15) | #############                            3
  [     49.15,      59.82) |                                          0
  [     59.82,      70.50) | ######################################## 9
  [     70.50,      81.17) | #############                            3
  [     81.17,      91.85) | ######################################## 9
  [     91.85,     102.53) | #############                            3
  [    102.53,     113.20) | #############                            3
  [    113.20,     123.88) | ##########################               6

minSpot
  [      0.04,       0.04) | ####################                     3
  [      0.04,       0.04) |                                          0
  [      0.04,       0.05) | ######################################## 6
  [      0.05,       0.05) | ######################################## 6
  [      0.05,       0.05) | ######################################## 6
  [      0.05,       0.05) | ####################                     3
  [      0.05,       0.05) | ######################################## 6
  [      0.05,       0.05) | ######################################## 6

maxSpot
  [      0.08,       0.08) | ######################################## 12
  [      0.08,       0.08) |                                          0
  [      0.08,       0.08) | ##########                               3
  [      0.08,       0.09) | ####################                     6
  [      0.09,       0.09) | ####################                     6
  [      0.09,       0.09) | ####################                     6
  [      0.09,       0.09) |                                          0
  [      0.09,       0.09) | ##########                               3

minCurve
  [      0.04,       0.04) | ##########################               6
  [      0.04,       0.04) |                                          0
  [      0.04,       0.04) | #############                            3
  [      0.04,       0.04) | #############                            3
  [      0.04,       0.04) | #############                            3
  [      0.04,       0.05) | ######################################## 9
  [      0.05,       0.05) | #############                            3
  [      0.05,       0.05) | ######################################## 9

maxCurve
  [      0.10,       0.10) | ##########################               6
  [      0.10,       0.10) |                                          0
  [      0.10,       0.10) |                                          0
  [      0.10,       0.10) | ##########################               6
  [      0.10,       0.10) | ##########################               6
  [      0.10,       0.10) | #############                            3
  [      0.10,       0.10) | ######################################## 9
  [      0.10,       0.10) | ##########################               6

rounds
  [     59.50,      59.62) |                                          0
  [     59.62,      59.75) |                                          0
  [     59.75,      59.88) |                                          0
  [     59.88,      60.00) |                                          0
  [     60.00,      60.12) | ######################################## 36
  [     60.12,      60.25) |                                          0
  [     60.25,      60.38) |                                          0
  [     60.38,      60.50) |                                          0

settlementLegs
  [     75.00,      76.00) | ##########                               3
  [     76.00,      77.00) | ##########                               3
  [     77.00,      78.00) |                                          0
  [     78.00,      79.00) | ####################                     6
  [     79.00,      80.00) | ##########                               3
  [     80.00,      81.00) | ##########                               3
  [     81.00,      82.00) | ######################################## 12
  [     82.00,      83.00) | ####################                     6

x402Total
  [     -0.50,      -0.38) |                                          0
  [     -0.38,      -0.25) |                                          0
  [     -0.25,      -0.12) |                                          0
  [     -0.12,       0.00) |                                          0
  [      0.00,       0.12) | ######################################## 36
  [      0.12,       0.25) |                                          0
  [      0.25,       0.38) |                                          0
  [      0.38,       0.50) |                                          0

deniedWorkers
  [     -0.50,      -0.38) |                                          0
  [     -0.38,      -0.25) |                                          0
  [     -0.25,      -0.12) |                                          0
  [     -0.12,       0.00) |                                          0
  [      0.00,       0.12) | ######################################## 36
  [      0.12,       0.25) |                                          0
  [      0.25,       0.38) |                                          0
  [      0.38,       0.50) |                                          0

=== Descriptive Statistics — mode=x402 ===
                count          mean           std           min            5%           25%           50%           75%           95%           max   skew   kurt
seed             36.0  6.584769e+08  8.007881e+08  2.026083e+08  2.026083e+08  2.026083e+08  2.026083e+08  6.584770e+08  2.026083e+09  2.026083e+09  1.206 -0.582
role_pnl         36.0 -4.977719e-01  9.454505e+00 -2.682011e+01 -1.650788e+01 -5.315611e+00  5.835235e-01  5.823829e+00  1.202012e+01  1.566366e+01 -0.728  0.548
wallet_sum_pnl   36.0 -2.590520e-16  1.110061e-14 -1.731948e-14 -1.731948e-14 -6.661338e-15 -1.110223e-15  5.079270e-15  2.486900e-14  2.486900e-14  0.593  0.313
realizedAbs      36.0  8.447402e+01  2.320172e+01  3.847038e+01  3.847038e+01  6.940608e+01  8.513252e+01  9.777641e+01  1.238789e+02  1.238789e+02 -0.083 -0.303
minSpot          36.0  4.685447e-02  1.870277e-03  4.284792e-02  4.284792e-02  4.590522e-02  4.688760e-02  4.817101e-02  4.989304e-02  4.989304e-02 -0.423 -0.042
maxSpot          36.0  8.538523e-02  4.663067e-03  7.940709e-02  7.940709e-02  8.023065e-02  8.578756e-02  8.848595e-02  9.401270e-02  9.401270e-02  0.184 -1.031
minCurve         36.0  4.458333e-02  1.208600e-03  4.250000e-02  4.250000e-02  4.387500e-02  4.500000e-02  4.556250e-02  4.600000e-02  4.600000e-02 -0.582 -0.896
maxCurve         36.0  9.791667e-02  1.574348e-03  9.500000e-02  9.500000e-02  9.700000e-02  9.800000e-02  9.900000e-02  1.000000e-01  1.000000e-01 -0.431 -0.793
rounds           36.0  6.000000e+01  0.000000e+00  6.000000e+01  6.000000e+01  6.000000e+01  6.000000e+01  6.000000e+01  6.000000e+01  6.000000e+01  0.000  0.000
settlementLegs   36.0  7.958333e+01  2.358874e+00  7.500000e+01  7.500000e+01  7.800000e+01  8.050000e+01  8.100000e+01  8.300000e+01  8.300000e+01 -0.588 -0.628
x402Total        36.0  3.274652e+02  2.884967e+01  2.676080e+02  2.676080e+02  3.119053e+02  3.320242e+02  3.460552e+02  3.775882e+02  3.775882e+02 -0.423 -0.092
deniedWorkers    36.0  0.000000e+00  0.000000e+00  0.000000e+00  0.000000e+00  0.000000e+00  0.000000e+00  0.000000e+00  0.000000e+00  0.000000e+00  0.000  0.000

=== Histograms — mode=x402 ===

seed
  [202608291.00, 430542618.62) | ######################################## 27
  [430542618.62, 658476946.25) |                                          0
  [658476946.25, 886411273.88) |                                          0
  [886411273.88, 1114345601.50) |                                          0
  [1114345601.50, 1342279929.12) |                                          0
  [1342279929.12, 1570214256.75) |                                          0
  [1570214256.75, 1798148584.38) |                                          0
  [1798148584.38, 2026082912.00) | #############                            9

role_pnl
  [    -26.82,     -21.51) | ####                                     1
  [    -21.51,     -16.20) | ####                                     1
  [    -16.20,     -10.89) | ########                                 2
  [    -10.89,      -5.58) | #################                        4
  [     -5.58,      -0.27) | ######################################## 9
  [     -0.27,       5.04) | ###############################          7
  [      5.04,      10.35) | ###################################      8
  [     10.35,      15.66) | #################                        4

wallet_sum_pnl
  [     -0.00,      -0.00) | ##########################               6
  [     -0.00,      -0.00) | #############                            3
  [     -0.00,      -0.00) | ######################################## 9
  [     -0.00,       0.00) | #############                            3
  [      0.00,       0.00) | ######################################## 9
  [      0.00,       0.00) | #############                            3
  [      0.00,       0.00) |                                          0
  [      0.00,       0.00) | #############                            3

realizedAbs
  [     38.47,      49.15) | #############                            3
  [     49.15,      59.82) |                                          0
  [     59.82,      70.50) | ######################################## 9
  [     70.50,      81.17) | #############                            3
  [     81.17,      91.85) | ######################################## 9
  [     91.85,     102.53) | #############                            3
  [    102.53,     113.20) | #############                            3
  [    113.20,     123.88) | ##########################               6

minSpot
  [      0.04,       0.04) | ####################                     3
  [      0.04,       0.04) |                                          0
  [      0.04,       0.05) | ######################################## 6
  [      0.05,       0.05) | ######################################## 6
  [      0.05,       0.05) | ######################################## 6
  [      0.05,       0.05) | ####################                     3
  [      0.05,       0.05) | ######################################## 6
  [      0.05,       0.05) | ######################################## 6

maxSpot
  [      0.08,       0.08) | ######################################## 12
  [      0.08,       0.08) |                                          0
  [      0.08,       0.08) | ##########                               3
  [      0.08,       0.09) | ####################                     6
  [      0.09,       0.09) | ####################                     6
  [      0.09,       0.09) | ####################                     6
  [      0.09,       0.09) |                                          0
  [      0.09,       0.09) | ##########                               3

minCurve
  [      0.04,       0.04) | ##########################               6
  [      0.04,       0.04) |                                          0
  [      0.04,       0.04) | #############                            3
  [      0.04,       0.04) | #############                            3
  [      0.04,       0.04) | #############                            3
  [      0.04,       0.05) | ######################################## 9
  [      0.05,       0.05) | #############                            3
  [      0.05,       0.05) | ######################################## 9

maxCurve
  [      0.10,       0.10) | ##########################               6
  [      0.10,       0.10) |                                          0
  [      0.10,       0.10) |                                          0
  [      0.10,       0.10) | ##########################               6
  [      0.10,       0.10) | ##########################               6
  [      0.10,       0.10) | #############                            3
  [      0.10,       0.10) | ######################################## 9
  [      0.10,       0.10) | ##########################               6

rounds
  [     59.50,      59.62) |                                          0
  [     59.62,      59.75) |                                          0
  [     59.75,      59.88) |                                          0
  [     59.88,      60.00) |                                          0
  [     60.00,      60.12) | ######################################## 36
  [     60.12,      60.25) |                                          0
  [     60.25,      60.38) |                                          0
  [     60.38,      60.50) |                                          0

settlementLegs
  [     75.00,      76.00) | ##########                               3
  [     76.00,      77.00) | ##########                               3
  [     77.00,      78.00) |                                          0
  [     78.00,      79.00) | ####################                     6
  [     79.00,      80.00) | ##########                               3
  [     80.00,      81.00) | ##########                               3
  [     81.00,      82.00) | ######################################## 12
  [     82.00,      83.00) | ####################                     6

x402Total
  [    267.61,     281.36) | #############                            3
  [    281.36,     295.10) |                                          0
  [    295.10,     308.85) | ##########################               6
  [    308.85,     322.60) | #############                            3
  [    322.60,     336.35) | ######################################## 9
  [    336.35,     350.09) | ##########################               6
  [    350.09,     363.84) | ##########################               6
  [    363.84,     377.59) | #############                            3

deniedWorkers
  [     -0.50,      -0.38) |                                          0
  [     -0.38,      -0.25) |                                          0
  [     -0.25,      -0.12) |                                          0
  [     -0.12,       0.00) |                                          0
  [      0.00,       0.12) | ######################################## 36
  [      0.12,       0.25) |                                          0
  [      0.25,       0.38) |                                          0
  [      0.38,       0.50) |                                          0


Stats saved to out/programmatic-eda/compute-futures-2026-08-29/distributions_by_mode.csv
