=== Descriptive Statistics — mode=basket ===
                count          mean           std           min            5%           25%           50%           75%           95%           max   skew   kurt
seed             36.0  6.584764e+08  8.007874e+08  2.026081e+08  2.026081e+08  2.026081e+08  2.026081e+08  6.584764e+08  2.026081e+09  2.026081e+09  1.206 -0.582
role_pnl         36.0 -4.510581e-01  4.680608e+01 -9.926617e+01 -9.857794e+01 -2.638761e+01  5.759419e+00  3.108971e+01  5.807554e+01  8.168640e+01 -0.605 -0.054
wallet_sum_pnl   36.0 -1.605197e-14  4.835553e-14 -8.815171e-14 -8.815171e-14 -4.848899e-14 -1.956768e-14  2.568779e-14  5.506706e-14  5.506706e-14  0.078 -1.181
realizedAbs      36.0  2.865306e+02  7.406305e+01  1.775220e+02  1.775220e+02  2.239811e+02  2.823914e+02  3.533187e+02  4.011045e+02  4.011045e+02  0.053 -1.428
minSpot          36.0  1.428995e-01  6.136822e-03  1.338085e-01  1.338085e-01  1.379318e-01  1.420827e-01  1.483781e-01  1.534757e-01  1.534757e-01  0.128 -1.234
maxSpot          36.0  2.530502e-01  7.956831e-03  2.378680e-01  2.378680e-01  2.466799e-01  2.555739e-01  2.598500e-01  2.631223e-01  2.631223e-01 -0.611 -0.896
minCurve         36.0  1.325208e-01  3.574401e-03  1.270000e-01  1.270000e-01  1.303750e-01  1.311250e-01  1.348750e-01  1.395000e-01  1.395000e-01  0.457 -0.710
maxCurve         36.0  2.978333e-01  5.801478e-03  2.855000e-01  2.855000e-01  2.952500e-01  2.975000e-01  3.015000e-01  3.075000e-01  3.075000e-01 -0.448 -0.043
rounds           36.0  6.000000e+01  0.000000e+00  6.000000e+01  6.000000e+01  6.000000e+01  6.000000e+01  6.000000e+01  6.000000e+01  6.000000e+01  0.000  0.000
settlementLegs   36.0  8.008333e+01  1.872737e+00  7.600000e+01  7.600000e+01  7.900000e+01  8.000000e+01  8.125000e+01  8.300000e+01  8.300000e+01 -0.542  0.037
x402Total        36.0  0.000000e+00  0.000000e+00  0.000000e+00  0.000000e+00  0.000000e+00  0.000000e+00  0.000000e+00  0.000000e+00  0.000000e+00  0.000  0.000
deniedWorkers    36.0  0.000000e+00  0.000000e+00  0.000000e+00  0.000000e+00  0.000000e+00  0.000000e+00  0.000000e+00  0.000000e+00  0.000000e+00  0.000  0.000

=== Histograms — mode=basket ===

seed
  [202608121.00, 430542257.38) | ######################################## 27
  [430542257.38, 658476393.75) |                                          0
  [658476393.75, 886410530.12) |                                          0
  [886410530.12, 1114344666.50) |                                          0
  [1114344666.50, 1342278802.88) |                                          0
  [1342278802.88, 1570212939.25) |                                          0
  [1570212939.25, 1798147075.62) |                                          0
  [1798147075.62, 2026081212.00) | #############                            9

role_pnl
  [    -99.27,     -76.65) | #################                        4
  [    -76.65,     -54.03) |                                          0
  [    -54.03,     -31.41) | #################                        4
  [    -31.41,      -8.79) | ##########################               6
  [     -8.79,      13.83) | ##########################               6
  [     13.83,      36.45) | ######################################## 9
  [     36.45,      59.07) | ######################                   5
  [     59.07,      81.69) | ########                                 2

wallet_sum_pnl
  [     -0.00,      -0.00) | ##########################               6
  [     -0.00,      -0.00) | #############                            3
  [     -0.00,      -0.00) | #############                            3
  [     -0.00,      -0.00) | ##########################               6
  [     -0.00,       0.00) | ##########################               6
  [      0.00,       0.00) |                                          0
  [      0.00,       0.00) | #############                            3
  [      0.00,       0.00) | ######################################## 9

realizedAbs
  [    177.52,     205.47) | ######################################## 6
  [    205.47,     233.42) | ######################################## 6
  [    233.42,     261.37) | ######################################## 6
  [    261.37,     289.31) |                                          0
  [    289.31,     317.26) | ####################                     3
  [    317.26,     345.21) | ####################                     3
  [    345.21,     373.16) | ######################################## 6
  [    373.16,     401.10) | ######################################## 6

minSpot
  [      0.13,       0.14) | ######################################## 6
  [      0.14,       0.14) | ######################################## 6
  [      0.14,       0.14) | ######################################## 6
  [      0.14,       0.14) | ####################                     3
  [      0.14,       0.15) |                                          0
  [      0.15,       0.15) | ######################################## 6
  [      0.15,       0.15) | ######################################## 6
  [      0.15,       0.15) | ####################                     3

maxSpot
  [      0.24,       0.24) | #############                            3
  [      0.24,       0.24) | #############                            3
  [      0.24,       0.25) | ##########################               6
  [      0.25,       0.25) |                                          0
  [      0.25,       0.25) | #############                            3
  [      0.25,       0.26) | ######################################## 9
  [      0.26,       0.26) | #############                            3
  [      0.26,       0.26) | ######################################## 9

minCurve
  [      0.13,       0.13) | #############                            3
  [      0.13,       0.13) | ##########################               6
  [      0.13,       0.13) | ######################################## 9
  [      0.13,       0.13) | #############                            3
  [      0.13,       0.13) | ##########################               6
  [      0.13,       0.14) | #############                            3
  [      0.14,       0.14) | #############                            3
  [      0.14,       0.14) | #############                            3

maxCurve
  [      0.29,       0.29) | #############                            3
  [      0.29,       0.29) |                                          0
  [      0.29,       0.29) | ##########################               6
  [      0.29,       0.30) | #############                            3
  [      0.30,       0.30) | ######################################## 9
  [      0.30,       0.30) | ##########################               6
  [      0.30,       0.30) | ##########################               6
  [      0.30,       0.31) | #############                            3

rounds
  [     59.50,      59.62) |                                          0
  [     59.62,      59.75) |                                          0
  [     59.75,      59.88) |                                          0
  [     59.88,      60.00) |                                          0
  [     60.00,      60.12) | ######################################## 36
  [     60.12,      60.25) |                                          0
  [     60.25,      60.38) |                                          0
  [     60.38,      60.50) |                                          0

settlementLegs
  [     76.00,      76.88) | #############                            3
  [     76.88,      77.75) |                                          0
  [     77.75,      78.62) | #############                            3
  [     78.62,      79.50) | ##########################               6
  [     79.50,      80.38) | ######################################## 9
  [     80.38,      81.25) | ##########################               6
  [     81.25,      82.12) | ##########################               6
  [     82.12,      83.00) | #############                            3

x402Total
  [     -0.50,      -0.38) |                                          0
  [     -0.38,      -0.25) |                                          0
  [     -0.25,      -0.12) |                                          0
  [     -0.12,       0.00) |                                          0
  [      0.00,       0.12) | ######################################## 36
  [      0.12,       0.25) |                                          0
  [      0.25,       0.38) |                                          0
  [      0.38,       0.50) |                                          0

deniedWorkers
  [     -0.50,      -0.38) |                                          0
  [     -0.38,      -0.25) |                                          0
  [     -0.25,      -0.12) |                                          0
  [     -0.12,       0.00) |                                          0
  [      0.00,       0.12) | ######################################## 36
  [      0.12,       0.25) |                                          0
  [      0.25,       0.38) |                                          0
  [      0.38,       0.50) |                                          0

=== Descriptive Statistics — mode=spread ===
                count          mean           std           min            5%           25%           50%           75%           95%           max   skew   kurt
seed             36.0  6.584764e+08  8.007874e+08  2.026081e+08  2.026081e+08  2.026081e+08  2.026081e+08  6.584764e+08  2.026081e+09  2.026081e+09  1.206 -0.582
role_pnl         36.0 -4.326557e+02  7.763978e+03 -2.424083e+04 -1.024850e+04 -5.984103e+03  1.495381e+03  4.982189e+03  1.084201e+04  1.400648e+04 -0.667  1.170
wallet_sum_pnl   36.0  2.041626e-12  4.977195e-12 -5.229595e-12 -5.229595e-12 -1.463718e-12  2.501110e-12  4.632739e-12  1.091394e-11  1.091394e-11  0.232 -0.829
realizedAbs      36.0  4.461362e+04  9.146549e+03  3.444351e+04  3.444351e+04  3.698499e+04  4.222384e+04  5.039151e+04  6.525367e+04  6.525367e+04  0.885  0.008
minSpot          36.0  4.404922e+01  1.375311e+00  4.120126e+01  4.120126e+01  4.314443e+01  4.429545e+01  4.501839e+01  4.603914e+01  4.603914e+01 -0.478 -0.493
maxSpot          36.0  6.560164e+01  1.835381e+00  6.286206e+01  6.286206e+01  6.394978e+01  6.571275e+01  6.706005e+01  6.816765e+01  6.816765e+01  0.000 -1.638
minCurve         36.0  3.986810e+01  1.087615e+00  3.792450e+01  3.792450e+01  3.930756e+01  3.993875e+01  4.066925e+01  4.168050e+01  4.168050e+01 -0.282 -0.731
maxCurve         36.0  7.072423e+01  1.789869e+00  6.742600e+01  6.742600e+01  7.004587e+01  7.081375e+01  7.177237e+01  7.311400e+01  7.311400e+01 -0.373 -0.780
rounds           36.0  6.000000e+01  0.000000e+00  6.000000e+01  6.000000e+01  6.000000e+01  6.000000e+01  6.000000e+01  6.000000e+01  6.000000e+01  0.000  0.000
settlementLegs   36.0  7.891667e+01  2.358874e+00  7.600000e+01  7.600000e+01  7.700000e+01  7.850000e+01  8.025000e+01  8.400000e+01  8.400000e+01  0.811 -0.300
x402Total        36.0  0.000000e+00  0.000000e+00  0.000000e+00  0.000000e+00  0.000000e+00  0.000000e+00  0.000000e+00  0.000000e+00  0.000000e+00  0.000  0.000
deniedWorkers    36.0  0.000000e+00  0.000000e+00  0.000000e+00  0.000000e+00  0.000000e+00  0.000000e+00  0.000000e+00  0.000000e+00  0.000000e+00  0.000  0.000

=== Histograms — mode=spread ===

seed
  [202608121.00, 430542257.38) | ######################################## 27
  [430542257.38, 658476393.75) |                                          0
  [658476393.75, 886410530.12) |                                          0
  [886410530.12, 1114344666.50) |                                          0
  [1114344666.50, 1342278802.88) |                                          0
  [1342278802.88, 1570212939.25) |                                          0
  [1570212939.25, 1798147075.62) |                                          0
  [1798147075.62, 2026081212.00) | #############                            9

role_pnl
  [ -24240.83,  -19459.92) | ####                                     1
  [ -19459.92,  -14679.00) |                                          0
  [ -14679.00,   -9898.09) | ####                                     1
  [  -9898.09,   -5117.18) | ######################################## 10
  [  -5117.18,    -336.26) | ################                         4
  [   -336.26,    4444.65) | ######################################## 10
  [   4444.65,    9225.56) | ########################                 6
  [   9225.56,   14006.48) | ################                         4

wallet_sum_pnl
  [     -0.00,      -0.00) | ######################################## 6
  [     -0.00,      -0.00) | ####################                     3
  [     -0.00,       0.00) | ######################################## 6
  [      0.00,       0.00) | ######################################## 6
  [      0.00,       0.00) | ######################################## 6
  [      0.00,       0.00) | ####################                     3
  [      0.00,       0.00) |                                          0
  [      0.00,       0.00) | ######################################## 6

realizedAbs
  [  34443.51,   38294.78) | ######################################## 12
  [  38294.78,   42146.05) | ####################                     6
  [  42146.05,   45997.32) | ####################                     6
  [  45997.32,   49848.59) | ##########                               3
  [  49848.59,   53699.86) | ##########                               3
  [  53699.86,   57551.13) | ##########                               3
  [  57551.13,   61402.40) |                                          0
  [  61402.40,   65253.67) | ##########                               3

minSpot
  [     41.20,      41.81) | ####################                     3
  [     41.81,      42.41) |                                          0
  [     42.41,      43.02) | ######################################## 6
  [     43.02,      43.62) | ######################################## 6
  [     43.62,      44.22) | ####################                     3
  [     44.22,      44.83) | ######################################## 6
  [     44.83,      45.43) | ######################################## 6
  [     45.43,      46.04) | ######################################## 6

maxSpot
  [     62.86,      63.53) | #############                            3
  [     63.53,      64.19) | ######################################## 9
  [     64.19,      64.85) | ##########################               6
  [     64.85,      65.51) |                                          0
  [     65.51,      66.18) |                                          0
  [     66.18,      66.84) | ##########################               6
  [     66.84,      67.50) | ##########################               6
  [     67.50,      68.17) | ##########################               6

minCurve
  [     37.92,      38.39) | ##########################               6
  [     38.39,      38.86) | #############                            3
  [     38.86,      39.33) |                                          0
  [     39.33,      39.80) | ######################################## 9
  [     39.80,      40.27) | #############                            3
  [     40.27,      40.74) | ##########################               6
  [     40.74,      41.21) | ##########################               6
  [     41.21,      41.68) | #############                            3

maxCurve
  [     67.43,      68.14) | #############                            3
  [     68.14,      68.85) | ##########################               6
  [     68.85,      69.56) |                                          0
  [     69.56,      70.27) |                                          0
  [     70.27,      70.98) | ######################################## 9
  [     70.98,      71.69) | ######################################## 9
  [     71.69,      72.40) |                                          0
  [     72.40,      73.11) | ######################################## 9

rounds
  [     59.50,      59.62) |                                          0
  [     59.62,      59.75) |                                          0
  [     59.75,      59.88) |                                          0
  [     59.88,      60.00) |                                          0
  [     60.00,      60.12) | ######################################## 36
  [     60.12,      60.25) |                                          0
  [     60.25,      60.38) |                                          0
  [     60.38,      60.50) |                                          0

settlementLegs
  [     76.00,      77.00) | ##########                               3
  [     77.00,      78.00) | ######################################## 12
  [     78.00,      79.00) | ##########                               3
  [     79.00,      80.00) | ####################                     6
  [     80.00,      81.00) | ##########                               3
  [     81.00,      82.00) | ##########                               3
  [     82.00,      83.00) | ##########                               3
  [     83.00,      84.00) | ##########                               3

x402Total
  [     -0.50,      -0.38) |                                          0
  [     -0.38,      -0.25) |                                          0
  [     -0.25,      -0.12) |                                          0
  [     -0.12,       0.00) |                                          0
  [      0.00,       0.12) | ######################################## 36
  [      0.12,       0.25) |                                          0
  [      0.25,       0.38) |                                          0
  [      0.38,       0.50) |                                          0

deniedWorkers
  [     -0.50,      -0.38) |                                          0
  [     -0.38,      -0.25) |                                          0
  [     -0.25,      -0.12) |                                          0
  [     -0.12,       0.00) |                                          0
  [      0.00,       0.12) | ######################################## 36
  [      0.12,       0.25) |                                          0
  [      0.25,       0.38) |                                          0
  [      0.38,       0.50) |                                          0

=== Descriptive Statistics — mode=synthetic ===
                count          mean           std           min            5%           25%           50%           75%           95%           max   skew   kurt
seed             36.0  6.584764e+08  8.007874e+08  2.026081e+08  2.026081e+08  2.026081e+08  2.026081e+08  6.584764e+08  2.026081e+09  2.026081e+09  1.206 -0.582
role_pnl         36.0 -4.024644e-01  1.457578e+01 -3.310083e+01 -3.082998e+01 -6.610705e+00  7.033692e-01  8.766845e+00  1.763162e+01  2.398891e+01 -0.757  0.195
wallet_sum_pnl   36.0  3.772445e-15  1.208228e-14 -1.287859e-14 -1.287859e-14 -6.009082e-15  5.551115e-16  1.565414e-14  2.223222e-14  2.223222e-14  0.150 -1.663
realizedAbs      36.0  9.136797e+01  2.506221e+01  4.881829e+01  4.881829e+01  6.952612e+01  9.066489e+01  1.167137e+02  1.240734e+02  1.240734e+02 -0.134 -1.387
minSpot          36.0  4.723950e-02  2.028701e-03  4.423423e-02  4.423423e-02  4.559731e-02  4.696949e-02  4.905060e-02  5.073576e-02  5.073576e-02  0.128 -1.234
maxSpot          36.0  8.365297e-02  2.630357e-03  7.863407e-02  7.863407e-02  8.154707e-02  8.448726e-02  8.590084e-02  8.698257e-02  8.698257e-02 -0.611 -0.896
minCurve         36.0  4.387500e-02  9.792490e-04  4.250000e-02  4.250000e-02  4.318750e-02  4.362500e-02  4.462500e-02  4.550000e-02  4.550000e-02  0.136 -1.238
maxCurve         36.0  9.858333e-02  2.047647e-03  9.400000e-02  9.400000e-02  9.775000e-02  9.850000e-02  9.975000e-02  1.020000e-01  1.020000e-01 -0.571  0.378
rounds           36.0  6.000000e+01  0.000000e+00  6.000000e+01  6.000000e+01  6.000000e+01  6.000000e+01  6.000000e+01  6.000000e+01  6.000000e+01  0.000  0.000
settlementLegs   36.0  7.991667e+01  2.285045e+00  7.500000e+01  7.500000e+01  7.950000e+01  8.100000e+01  8.125000e+01  8.200000e+01  8.200000e+01 -1.170  0.066
x402Total        36.0  0.000000e+00  0.000000e+00  0.000000e+00  0.000000e+00  0.000000e+00  0.000000e+00  0.000000e+00  0.000000e+00  0.000000e+00  0.000  0.000
deniedWorkers    36.0  0.000000e+00  0.000000e+00  0.000000e+00  0.000000e+00  0.000000e+00  0.000000e+00  0.000000e+00  0.000000e+00  0.000000e+00  0.000  0.000

=== Histograms — mode=synthetic ===

seed
  [202608121.00, 430542257.38) | ######################################## 27
  [430542257.38, 658476393.75) |                                          0
  [658476393.75, 886410530.12) |                                          0
  [886410530.12, 1114344666.50) |                                          0
  [1114344666.50, 1342278802.88) |                                          0
  [1342278802.88, 1570212939.25) |                                          0
  [1570212939.25, 1798147075.62) |                                          0
  [1798147075.62, 2026081212.00) | #############                            9

role_pnl
  [    -33.10,     -25.96) | ################                         4
  [    -25.96,     -18.83) |                                          0
  [    -18.83,     -11.69) | ############                             3
  [    -11.69,      -4.56) | ############                             3
  [     -4.56,       2.58) | ######################################## 10
  [      2.58,       9.72) | ################################         8
  [      9.72,      16.85) | ########################                 6
  [     16.85,      23.99) | ########                                 2

wallet_sum_pnl
  [     -0.00,      -0.00) | ####################                     6
  [     -0.00,      -0.00) | ##############################           9
  [     -0.00,       0.00) | ##########                               3
  [      0.00,       0.00) | ##########                               3
  [      0.00,       0.00) |                                          0
  [      0.00,       0.00) |                                          0
  [      0.00,       0.00) | ######################################## 12
  [      0.00,       0.00) | ##########                               3

realizedAbs
  [     48.82,      58.23) | ##########                               3
  [     58.23,      67.63) | ####################                     6
  [     67.63,      77.04) | ##########                               3
  [     77.04,      86.45) | ####################                     6
  [     86.45,      95.85) |                                          0
  [     95.85,     105.26) | ####################                     6
  [    105.26,     114.67) |                                          0
  [    114.67,     124.07) | ######################################## 12

minSpot
  [      0.04,       0.05) | ######################################## 6
  [      0.05,       0.05) | ######################################## 6
  [      0.05,       0.05) | ######################################## 6
  [      0.05,       0.05) | ####################                     3
  [      0.05,       0.05) |                                          0
  [      0.05,       0.05) | ######################################## 6
  [      0.05,       0.05) | ######################################## 6
  [      0.05,       0.05) | ####################                     3

maxSpot
  [      0.08,       0.08) | #############                            3
  [      0.08,       0.08) | #############                            3
  [      0.08,       0.08) | ##########################               6
  [      0.08,       0.08) |                                          0
  [      0.08,       0.08) | #############                            3
  [      0.08,       0.08) | ######################################## 9
  [      0.08,       0.09) | #############                            3
  [      0.09,       0.09) | ######################################## 9

minCurve
  [      0.04,       0.04) | ######################################## 6
  [      0.04,       0.04) | ######################################## 6
  [      0.04,       0.04) | ######################################## 6
  [      0.04,       0.04) | ####################                     3
  [      0.04,       0.04) |                                          0
  [      0.04,       0.04) | ######################################## 6
  [      0.04,       0.05) | ######################################## 6
  [      0.05,       0.05) | ####################                     3

maxCurve
  [      0.09,       0.10) | ##########                               3
  [      0.10,       0.10) |                                          0
  [      0.10,       0.10) | ##########                               3
  [      0.10,       0.10) | ##########                               3
  [      0.10,       0.10) | ######################################## 12
  [      0.10,       0.10) | ####################                     6
  [      0.10,       0.10) | ####################                     6
  [      0.10,       0.10) | ##########                               3

rounds
  [     59.50,      59.62) |                                          0
  [     59.62,      59.75) |                                          0
  [     59.75,      59.88) |                                          0
  [     59.88,      60.00) |                                          0
  [     60.00,      60.12) | ######################################## 36
  [     60.12,      60.25) |                                          0
  [     60.25,      60.38) |                                          0
  [     60.38,      60.50) |                                          0

settlementLegs
  [     75.00,      75.88) | ##########                               3
  [     75.88,      76.75) | ##########                               3
  [     76.75,      77.62) |                                          0
  [     77.62,      78.50) | ##########                               3
  [     78.50,      79.38) |                                          0
  [     79.38,      80.25) | ####################                     6
  [     80.25,      81.12) | ######################################## 12
  [     81.12,      82.00) | ##############################           9

x402Total
  [     -0.50,      -0.38) |                                          0
  [     -0.38,      -0.25) |                                          0
  [     -0.25,      -0.12) |                                          0
  [     -0.12,       0.00) |                                          0
  [      0.00,       0.12) | ######################################## 36
  [      0.12,       0.25) |                                          0
  [      0.25,       0.38) |                                          0
  [      0.38,       0.50) |                                          0

deniedWorkers
  [     -0.50,      -0.38) |                                          0
  [     -0.38,      -0.25) |                                          0
  [     -0.25,      -0.12) |                                          0
  [     -0.12,       0.00) |                                          0
  [      0.00,       0.12) | ######################################## 36
  [      0.12,       0.25) |                                          0
  [      0.25,       0.38) |                                          0
  [      0.38,       0.50) |                                          0

=== Descriptive Statistics — mode=x402 ===
                count          mean           std           min            5%           25%           50%           75%           95%           max   skew   kurt
seed             36.0  6.584764e+08  8.007874e+08  2.026081e+08  2.026081e+08  2.026081e+08  2.026081e+08  6.584764e+08  2.026081e+09  2.026081e+09  1.206 -0.582
role_pnl         36.0 -4.024644e-01  1.457578e+01 -3.310083e+01 -3.082998e+01 -6.610705e+00  7.033692e-01  8.766845e+00  1.763162e+01  2.398891e+01 -0.757  0.195
wallet_sum_pnl   36.0  3.772445e-15  1.208228e-14 -1.287859e-14 -1.287859e-14 -6.009082e-15  5.551115e-16  1.565414e-14  2.223222e-14  2.223222e-14  0.150 -1.663
realizedAbs      36.0  9.136797e+01  2.506221e+01  4.881829e+01  4.881829e+01  6.952612e+01  9.066489e+01  1.167137e+02  1.240734e+02  1.240734e+02 -0.134 -1.387
minSpot          36.0  4.723950e-02  2.028701e-03  4.423423e-02  4.423423e-02  4.559731e-02  4.696949e-02  4.905060e-02  5.073576e-02  5.073576e-02  0.128 -1.234
maxSpot          36.0  8.365297e-02  2.630357e-03  7.863407e-02  7.863407e-02  8.154707e-02  8.448726e-02  8.590084e-02  8.698257e-02  8.698257e-02 -0.611 -0.896
minCurve         36.0  4.387500e-02  9.792490e-04  4.250000e-02  4.250000e-02  4.318750e-02  4.362500e-02  4.462500e-02  4.550000e-02  4.550000e-02  0.136 -1.238
maxCurve         36.0  9.858333e-02  2.047647e-03  9.400000e-02  9.400000e-02  9.775000e-02  9.850000e-02  9.975000e-02  1.020000e-01  1.020000e-01 -0.571  0.378
rounds           36.0  6.000000e+01  0.000000e+00  6.000000e+01  6.000000e+01  6.000000e+01  6.000000e+01  6.000000e+01  6.000000e+01  6.000000e+01  0.000  0.000
settlementLegs   36.0  7.991667e+01  2.285045e+00  7.500000e+01  7.500000e+01  7.950000e+01  8.100000e+01  8.125000e+01  8.200000e+01  8.200000e+01 -1.170  0.066
x402Total        36.0  3.304114e+02  4.540160e+01  2.495554e+02  2.495554e+02  3.092159e+02  3.206138e+02  3.628901e+02  4.293031e+02  4.293031e+02  0.472  0.291
deniedWorkers    36.0  0.000000e+00  0.000000e+00  0.000000e+00  0.000000e+00  0.000000e+00  0.000000e+00  0.000000e+00  0.000000e+00  0.000000e+00  0.000  0.000

=== Histograms — mode=x402 ===

seed
  [202608121.00, 430542257.38) | ######################################## 27
  [430542257.38, 658476393.75) |                                          0
  [658476393.75, 886410530.12) |                                          0
  [886410530.12, 1114344666.50) |                                          0
  [1114344666.50, 1342278802.88) |                                          0
  [1342278802.88, 1570212939.25) |                                          0
  [1570212939.25, 1798147075.62) |                                          0
  [1798147075.62, 2026081212.00) | #############                            9

role_pnl
  [    -33.10,     -25.96) | ################                         4
  [    -25.96,     -18.83) |                                          0
  [    -18.83,     -11.69) | ############                             3
  [    -11.69,      -4.56) | ############                             3
  [     -4.56,       2.58) | ######################################## 10
  [      2.58,       9.72) | ################################         8
  [      9.72,      16.85) | ########################                 6
  [     16.85,      23.99) | ########                                 2

wallet_sum_pnl
  [     -0.00,      -0.00) | ####################                     6
  [     -0.00,      -0.00) | ##############################           9
  [     -0.00,       0.00) | ##########                               3
  [      0.00,       0.00) | ##########                               3
  [      0.00,       0.00) |                                          0
  [      0.00,       0.00) |                                          0
  [      0.00,       0.00) | ######################################## 12
  [      0.00,       0.00) | ##########                               3

realizedAbs
  [     48.82,      58.23) | ##########                               3
  [     58.23,      67.63) | ####################                     6
  [     67.63,      77.04) | ##########                               3
  [     77.04,      86.45) | ####################                     6
  [     86.45,      95.85) |                                          0
  [     95.85,     105.26) | ####################                     6
  [    105.26,     114.67) |                                          0
  [    114.67,     124.07) | ######################################## 12

minSpot
  [      0.04,       0.05) | ######################################## 6
  [      0.05,       0.05) | ######################################## 6
  [      0.05,       0.05) | ######################################## 6
  [      0.05,       0.05) | ####################                     3
  [      0.05,       0.05) |                                          0
  [      0.05,       0.05) | ######################################## 6
  [      0.05,       0.05) | ######################################## 6
  [      0.05,       0.05) | ####################                     3

maxSpot
  [      0.08,       0.08) | #############                            3
  [      0.08,       0.08) | #############                            3
  [      0.08,       0.08) | ##########################               6
  [      0.08,       0.08) |                                          0
  [      0.08,       0.08) | #############                            3
  [      0.08,       0.08) | ######################################## 9
  [      0.08,       0.09) | #############                            3
  [      0.09,       0.09) | ######################################## 9

minCurve
  [      0.04,       0.04) | ######################################## 6
  [      0.04,       0.04) | ######################################## 6
  [      0.04,       0.04) | ######################################## 6
  [      0.04,       0.04) | ####################                     3
  [      0.04,       0.04) |                                          0
  [      0.04,       0.04) | ######################################## 6
  [      0.04,       0.05) | ######################################## 6
  [      0.05,       0.05) | ####################                     3

maxCurve
  [      0.09,       0.10) | ##########                               3
  [      0.10,       0.10) |                                          0
  [      0.10,       0.10) | ##########                               3
  [      0.10,       0.10) | ##########                               3
  [      0.10,       0.10) | ######################################## 12
  [      0.10,       0.10) | ####################                     6
  [      0.10,       0.10) | ####################                     6
  [      0.10,       0.10) | ##########                               3

rounds
  [     59.50,      59.62) |                                          0
  [     59.62,      59.75) |                                          0
  [     59.75,      59.88) |                                          0
  [     59.88,      60.00) |                                          0
  [     60.00,      60.12) | ######################################## 36
  [     60.12,      60.25) |                                          0
  [     60.25,      60.38) |                                          0
  [     60.38,      60.50) |                                          0

settlementLegs
  [     75.00,      75.88) | ##########                               3
  [     75.88,      76.75) | ##########                               3
  [     76.75,      77.62) |                                          0
  [     77.62,      78.50) | ##########                               3
  [     78.50,      79.38) |                                          0
  [     79.38,      80.25) | ####################                     6
  [     80.25,      81.12) | ######################################## 12
  [     81.12,      82.00) | ##############################           9

x402Total
  [    249.56,     272.02) | ##########                               3
  [    272.02,     294.49) | ##########                               3
  [    294.49,     316.96) | ######################################## 12
  [    316.96,     339.43) | ####################                     6
  [    339.43,     361.90) | ##########                               3
  [    361.90,     384.37) | ####################                     6
  [    384.37,     406.83) |                                          0
  [    406.83,     429.30) | ##########                               3

deniedWorkers
  [     -0.50,      -0.38) |                                          0
  [     -0.38,      -0.25) |                                          0
  [     -0.25,      -0.12) |                                          0
  [     -0.12,       0.00) |                                          0
  [      0.00,       0.12) | ######################################## 36
  [      0.12,       0.25) |                                          0
  [      0.25,       0.38) |                                          0
  [      0.38,       0.50) |                                          0


Stats saved to out/programmatic-eda/compute-futures-2026-08-12/distributions_by_mode.csv
