=== Descriptive Statistics — mode=basket ===
                count          mean           std           min            5%           25%           50%           75%           95%           max   skew   kurt
seed             36.0  6.584731e+08  8.007834e+08  2.026071e+08  2.026071e+08  2.026071e+08  2.026071e+08  6.584731e+08  2.026071e+09  2.026071e+09  1.206 -0.582
role_pnl         36.0 -2.462981e-01  3.273355e+01 -6.959096e+01 -5.103076e+01 -2.904815e+01  1.061553e+01  2.058871e+01  4.767816e+01  5.785542e+01 -0.366 -0.720
wallet_sum_pnl   36.0  3.386180e-15  1.968920e-14 -2.353673e-14 -2.353673e-14 -1.244838e-14  3.330669e-15  1.953993e-14  3.264056e-14  3.264056e-14  0.029 -1.309
realizedAbs      36.0  1.912184e+02  5.434764e+01  1.015840e+02  1.015840e+02  1.444100e+02  1.975290e+02  2.367203e+02  2.703559e+02  2.703559e+02 -0.085 -1.182
minSpot          36.0  1.162570e-01  5.360935e-03  1.081470e-01  1.081470e-01  1.120586e-01  1.162238e-01  1.209257e-01  1.236766e-01  1.236766e-01  0.037 -1.434
maxSpot          36.0  2.015336e-01  8.045141e-03  1.923103e-01  1.923103e-01  1.970560e-01  1.980305e-01  2.058678e-01  2.204654e-01  2.204654e-01  1.112  0.464
minCurve         36.0  1.066042e-01  2.495979e-03  1.025000e-01  1.025000e-01  1.045000e-01  1.075000e-01  1.081250e-01  1.100000e-01  1.100000e-01 -0.263 -1.223
maxCurve         36.0  2.386250e-01  7.612372e-03  2.255000e-01  2.255000e-01  2.348750e-01  2.377500e-01  2.416250e-01  2.565000e-01  2.565000e-01  0.633  0.968
rounds           36.0  6.000000e+01  0.000000e+00  6.000000e+01  6.000000e+01  6.000000e+01  6.000000e+01  6.000000e+01  6.000000e+01  6.000000e+01  0.000  0.000
settlementLegs   36.0  7.991667e+01  1.872737e+00  7.700000e+01  7.700000e+01  7.800000e+01  8.000000e+01  8.125000e+01  8.300000e+01  8.300000e+01  0.045 -1.254
x402Total        36.0  0.000000e+00  0.000000e+00  0.000000e+00  0.000000e+00  0.000000e+00  0.000000e+00  0.000000e+00  0.000000e+00  0.000000e+00  0.000  0.000
deniedWorkers    36.0  0.000000e+00  0.000000e+00  0.000000e+00  0.000000e+00  0.000000e+00  0.000000e+00  0.000000e+00  0.000000e+00  0.000000e+00  0.000  0.000

=== Histograms — mode=basket ===

seed
  [202607121.00, 430540132.38) | ######################################## 27
  [430540132.38, 658473143.75) |                                          0
  [658473143.75, 886406155.12) |                                          0
  [886406155.12, 1114339166.50) |                                          0
  [1114339166.50, 1342272177.88) |                                          0
  [1342272177.88, 1570205189.25) |                                          0
  [1570205189.25, 1798138200.62) |                                          0
  [1798138200.62, 2026071212.00) | #############                            9

role_pnl
  [    -69.59,     -53.66) | ######                                   2
  [    -53.66,     -37.73) | #########                                3
  [    -37.73,     -21.80) | ###############                          5
  [    -21.80,      -5.87) | ######                                   2
  [     -5.87,      10.06) | ###############                          5
  [     10.06,      25.99) | ######################################## 13
  [     25.99,      41.92) | #########                                3
  [     41.92,      57.86) | #########                                3

wallet_sum_pnl
  [     -0.00,      -0.00) | ######################################## 9
  [     -0.00,      -0.00) |                                          0
  [     -0.00,      -0.00) | ##########################               6
  [     -0.00,       0.00) | #############                            3
  [      0.00,       0.00) | ##########################               6
  [      0.00,       0.00) |                                          0
  [      0.00,       0.00) | ##########################               6
  [      0.00,       0.00) | ##########################               6

realizedAbs
  [    101.58,     122.68) | #############                            3
  [    122.68,     143.78) | ##########################               6
  [    143.78,     164.87) | #############                            3
  [    164.87,     185.97) | #############                            3
  [    185.97,     207.07) | ######################################## 9
  [    207.07,     228.16) |                                          0
  [    228.16,     249.26) | ##########################               6
  [    249.26,     270.36) | ##########################               6

minSpot
  [      0.11,       0.11) | ##########################               6
  [      0.11,       0.11) | #############                            3
  [      0.11,       0.11) | ##########################               6
  [      0.11,       0.12) | #############                            3
  [      0.12,       0.12) | #############                            3
  [      0.12,       0.12) | #############                            3
  [      0.12,       0.12) | #############                            3
  [      0.12,       0.12) | ######################################## 9

maxSpot
  [      0.19,       0.20) | ################                         6
  [      0.20,       0.20) | ######################################## 15
  [      0.20,       0.20) | ########                                 3
  [      0.20,       0.21) | ########                                 3
  [      0.21,       0.21) | ########                                 3
  [      0.21,       0.21) | ########                                 3
  [      0.21,       0.22) |                                          0
  [      0.22,       0.22) | ########                                 3

minCurve
  [      0.10,       0.10) | ####################                     6
  [      0.10,       0.10) |                                          0
  [      0.10,       0.11) | ##############################           9
  [      0.11,       0.11) |                                          0
  [      0.11,       0.11) |                                          0
  [      0.11,       0.11) | ######################################## 12
  [      0.11,       0.11) | ##########                               3
  [      0.11,       0.11) | ####################                     6

maxCurve
  [      0.23,       0.23) | #############                            3
  [      0.23,       0.23) | #############                            3
  [      0.23,       0.24) | ######################################## 9
  [      0.24,       0.24) | ######################################## 9
  [      0.24,       0.24) | ##########################               6
  [      0.24,       0.25) | #############                            3
  [      0.25,       0.25) |                                          0
  [      0.25,       0.26) | #############                            3

rounds
  [     59.50,      59.62) |                                          0
  [     59.62,      59.75) |                                          0
  [     59.75,      59.88) |                                          0
  [     59.88,      60.00) |                                          0
  [     60.00,      60.12) | ######################################## 36
  [     60.12,      60.25) |                                          0
  [     60.25,      60.38) |                                          0
  [     60.38,      60.50) |                                          0

settlementLegs
  [     77.00,      77.75) | #############                            3
  [     77.75,      78.50) | ######################################## 9
  [     78.50,      79.25) | #############                            3
  [     79.25,      80.00) |                                          0
  [     80.00,      80.75) | ##########################               6
  [     80.75,      81.50) | ##########################               6
  [     81.50,      82.25) | ##########################               6
  [     82.25,      83.00) | #############                            3

x402Total
  [     -0.50,      -0.38) |                                          0
  [     -0.38,      -0.25) |                                          0
  [     -0.25,      -0.12) |                                          0
  [     -0.12,       0.00) |                                          0
  [      0.00,       0.12) | ######################################## 36
  [      0.12,       0.25) |                                          0
  [      0.25,       0.38) |                                          0
  [      0.38,       0.50) |                                          0

deniedWorkers
  [     -0.50,      -0.38) |                                          0
  [     -0.38,      -0.25) |                                          0
  [     -0.25,      -0.12) |                                          0
  [     -0.12,       0.00) |                                          0
  [      0.00,       0.12) | ######################################## 36
  [      0.12,       0.25) |                                          0
  [      0.25,       0.38) |                                          0
  [      0.38,       0.50) |                                          0

=== Descriptive Statistics — mode=spread ===
                count          mean           std           min            5%           25%           50%           75%           95%           max   skew   kurt
seed             36.0  6.584731e+08  8.007834e+08  2.026071e+08  2.026071e+08  2.026071e+08  2.026071e+08  6.584731e+08  2.026071e+09  2.026071e+09  1.206 -0.582
role_pnl         36.0 -7.242097e+02  8.977154e+03 -2.188717e+04 -1.689638e+04 -5.518562e+03  9.122948e+02  6.027531e+03  9.142799e+03  1.541704e+04 -0.774  0.012
wallet_sum_pnl   36.0 -1.179501e-12  4.004142e-12 -5.911716e-12 -5.911716e-12 -3.751666e-12 -1.591616e-12  5.684342e-14  8.185452e-12  8.185452e-12  0.915  0.512
realizedAbs      36.0  5.205052e+04  1.266513e+04  2.804129e+04  2.804129e+04  4.442660e+04  5.143166e+04  6.114887e+04  7.247025e+04  7.247025e+04 -0.109 -0.760
minSpot          36.0  4.311932e+01  1.876820e+00  3.892068e+01  3.892068e+01  4.239722e+01  4.305211e+01  4.411969e+01  4.622527e+01  4.622527e+01 -0.526  0.386
maxSpot          36.0  6.592093e+01  3.054024e+00  6.235957e+01  6.235957e+01  6.316383e+01  6.572260e+01  6.772163e+01  7.146560e+01  7.146560e+01  0.647 -0.753
minCurve         36.0  3.962404e+01  7.391865e-01  3.829900e+01  3.829900e+01  3.926525e+01  3.950025e+01  4.002725e+01  4.094100e+01  4.094100e+01  0.242 -0.328
maxCurve         36.0  7.077815e+01  1.170020e+00  6.932450e+01  6.932450e+01  7.011662e+01  7.069450e+01  7.124175e+01  7.383900e+01  7.383900e+01  1.251  2.039
rounds           36.0  6.000000e+01  0.000000e+00  6.000000e+01  6.000000e+01  6.000000e+01  6.000000e+01  6.000000e+01  6.000000e+01  6.000000e+01  0.000  0.000
settlementLegs   36.0  7.975000e+01  1.857418e+00  7.600000e+01  7.600000e+01  7.900000e+01  8.000000e+01  8.025000e+01  8.400000e+01  8.400000e+01  0.303  1.335
x402Total        36.0  0.000000e+00  0.000000e+00  0.000000e+00  0.000000e+00  0.000000e+00  0.000000e+00  0.000000e+00  0.000000e+00  0.000000e+00  0.000  0.000
deniedWorkers    36.0  0.000000e+00  0.000000e+00  0.000000e+00  0.000000e+00  0.000000e+00  0.000000e+00  0.000000e+00  0.000000e+00  0.000000e+00  0.000  0.000

=== Histograms — mode=spread ===

seed
  [202607121.00, 430540132.38) | ######################################## 27
  [430540132.38, 658473143.75) |                                          0
  [658473143.75, 886406155.12) |                                          0
  [886406155.12, 1114339166.50) |                                          0
  [1114339166.50, 1342272177.88) |                                          0
  [1342272177.88, 1570205189.25) |                                          0
  [1570205189.25, 1798138200.62) |                                          0
  [1798138200.62, 2026071212.00) | #############                            9

role_pnl
  [ -21887.17,  -17224.14) | ##########                               2
  [ -17224.14,  -12561.12) | ####################                     4
  [ -12561.12,   -7898.09) | #####                                    1
  [  -7898.09,   -3235.06) | ####################                     4
  [  -3235.06,    1427.96) | ######################################## 8
  [   1427.96,    6090.99) | ######################################## 8
  [   6090.99,   10754.02) | ######################################## 8
  [  10754.02,   15417.04) | #####                                    1

wallet_sum_pnl
  [     -0.00,      -0.00) | ######################################## 9
  [     -0.00,      -0.00) | ##########################               6
  [     -0.00,      -0.00) | ##########################               6
  [     -0.00,       0.00) | ######################################## 9
  [      0.00,       0.00) |                                          0
  [      0.00,       0.00) | #############                            3
  [      0.00,       0.00) |                                          0
  [      0.00,       0.00) | #############                            3

realizedAbs
  [  28041.29,   33594.91) | #############                            3
  [  33594.91,   39148.53) |                                          0
  [  39148.53,   44702.15) | ##########################               6
  [  44702.15,   50255.77) | ######################################## 9
  [  50255.77,   55809.39) |                                          0
  [  55809.39,   61363.01) | ######################################## 9
  [  61363.01,   66916.63) | #############                            3
  [  66916.63,   72470.25) | ##########################               6

minSpot
  [     38.92,      39.83) | ##########                               3
  [     39.83,      40.75) |                                          0
  [     40.75,      41.66) | ####################                     6
  [     41.66,      42.57) |                                          0
  [     42.57,      43.49) | ######################################## 12
  [     43.49,      44.40) | ##############################           9
  [     44.40,      45.31) |                                          0
  [     45.31,      46.23) | ####################                     6

maxSpot
  [     62.36,      63.50) | ######################################## 12
  [     63.50,      64.64) | ##########                               3
  [     64.64,      65.77) | ####################                     6
  [     65.77,      66.91) | ##########                               3
  [     66.91,      68.05) | ####################                     6
  [     68.05,      69.19) |                                          0
  [     69.19,      70.33) |                                          0
  [     70.33,      71.47) | ####################                     6

minCurve
  [     38.30,      38.63) | #############                            3
  [     38.63,      38.96) | #############                            3
  [     38.96,      39.29) | #############                            3
  [     39.29,      39.62) | ######################################## 9
  [     39.62,      39.95) | ##########################               6
  [     39.95,      40.28) | ##########################               6
  [     40.28,      40.61) |                                          0
  [     40.61,      40.94) | ##########################               6

maxCurve
  [     69.32,      69.89) | ##############################           9
  [     69.89,      70.45) | ##########                               3
  [     70.45,      71.02) | ######################################## 12
  [     71.02,      71.58) | ##############################           9
  [     71.58,      72.15) |                                          0
  [     72.15,      72.71) |                                          0
  [     72.71,      73.27) |                                          0
  [     73.27,      73.84) | ##########                               3

rounds
  [     59.50,      59.62) |                                          0
  [     59.62,      59.75) |                                          0
  [     59.75,      59.88) |                                          0
  [     59.88,      60.00) |                                          0
  [     60.00,      60.12) | ######################################## 36
  [     60.12,      60.25) |                                          0
  [     60.25,      60.38) |                                          0
  [     60.38,      60.50) |                                          0

settlementLegs
  [     76.00,      77.00) | ##########                               3
  [     77.00,      78.00) |                                          0
  [     78.00,      79.00) | ##########                               3
  [     79.00,      80.00) | ##############################           9
  [     80.00,      81.00) | ######################################## 12
  [     81.00,      82.00) | ####################                     6
  [     82.00,      83.00) |                                          0
  [     83.00,      84.00) | ##########                               3

x402Total
  [     -0.50,      -0.38) |                                          0
  [     -0.38,      -0.25) |                                          0
  [     -0.25,      -0.12) |                                          0
  [     -0.12,       0.00) |                                          0
  [      0.00,       0.12) | ######################################## 36
  [      0.12,       0.25) |                                          0
  [      0.25,       0.38) |                                          0
  [      0.38,       0.50) |                                          0

deniedWorkers
  [     -0.50,      -0.38) |                                          0
  [     -0.38,      -0.25) |                                          0
  [     -0.25,      -0.12) |                                          0
  [     -0.12,       0.00) |                                          0
  [      0.00,       0.12) | ######################################## 36
  [      0.12,       0.25) |                                          0
  [      0.25,       0.38) |                                          0
  [      0.38,       0.50) |                                          0

=== Descriptive Statistics — mode=synthetic ===
                count          mean           std           min            5%           25%           50%           75%           95%           max   skew   kurt
seed             36.0  6.584731e+08  8.007834e+08  2.026071e+08  2.026071e+08  2.026071e+08  2.026071e+08  6.584731e+08  2.026071e+09  2.026071e+09  1.206 -0.582
role_pnl         36.0 -1.499874e-01  1.252321e+01 -2.855571e+01 -2.020155e+01 -1.041088e+01  3.282142e+00  7.747690e+00  1.828698e+01  2.351825e+01 -0.411 -0.365
wallet_sum_pnl   36.0 -5.127843e-15  1.464152e-14 -3.796963e-14 -3.796963e-14 -1.298961e-14 -6.550316e-15  5.162537e-15  1.978973e-14  1.978973e-14 -0.515  0.397
realizedAbs      36.0  7.865635e+01  2.210012e+01  4.520417e+01  4.520417e+01  5.774322e+01  8.152354e+01  9.284294e+01  1.118452e+02  1.118452e+02 -0.021 -1.273
minSpot          36.0  4.844042e-02  2.233723e-03  4.506125e-02  4.506125e-02  4.669109e-02  4.842659e-02  5.038570e-02  5.153193e-02  5.153193e-02  0.037 -1.434
maxSpot          36.0  8.397234e-02  3.352142e-03  8.012930e-02  8.012930e-02  8.210667e-02  8.251269e-02  8.577827e-02  9.186056e-02  9.186056e-02  1.112  0.464
minCurve         36.0  4.456250e-02  1.086237e-03  4.250000e-02  4.250000e-02  4.393750e-02  4.500000e-02  4.512500e-02  4.600000e-02  4.600000e-02 -0.452 -0.779
maxCurve         36.0  9.958333e-02  3.138471e-03  9.400000e-02  9.400000e-02  9.800000e-02  9.950000e-02  1.007500e-01  1.070000e-01  1.070000e-01  0.592  1.154
rounds           36.0  6.000000e+01  0.000000e+00  6.000000e+01  6.000000e+01  6.000000e+01  6.000000e+01  6.000000e+01  6.000000e+01  6.000000e+01  0.000  0.000
settlementLegs   36.0  8.016667e+01  1.158817e+00  7.800000e+01  7.800000e+01  7.975000e+01  8.000000e+01  8.100000e+01  8.200000e+01  8.200000e+01  0.006 -0.493
x402Total        36.0  0.000000e+00  0.000000e+00  0.000000e+00  0.000000e+00  0.000000e+00  0.000000e+00  0.000000e+00  0.000000e+00  0.000000e+00  0.000  0.000
deniedWorkers    36.0  0.000000e+00  0.000000e+00  0.000000e+00  0.000000e+00  0.000000e+00  0.000000e+00  0.000000e+00  0.000000e+00  0.000000e+00  0.000  0.000

=== Histograms — mode=synthetic ===

seed
  [202607121.00, 430540132.38) | ######################################## 27
  [430540132.38, 658473143.75) |                                          0
  [658473143.75, 886406155.12) |                                          0
  [886406155.12, 1114339166.50) |                                          0
  [1114339166.50, 1342272177.88) |                                          0
  [1342272177.88, 1570205189.25) |                                          0
  [1570205189.25, 1798138200.62) |                                          0
  [1798138200.62, 2026071212.00) | #############                            9

role_pnl
  [    -28.56,     -22.05) | #######                                  2
  [    -22.05,     -15.54) | #######                                  2
  [    -15.54,      -9.03) | #####################                    6
  [     -9.03,      -2.52) | #######                                  2
  [     -2.52,       3.99) | #########################                7
  [      3.99,      10.50) | ######################################## 11
  [     10.50,      17.01) | ##########                               3
  [     17.01,      23.52) | ##########                               3

wallet_sum_pnl
  [     -0.00,      -0.00) | #############                            3
  [     -0.00,      -0.00) |                                          0
  [     -0.00,      -0.00) | #############                            3
  [     -0.00,      -0.00) | ##########################               6
  [     -0.00,      -0.00) | ######################################## 9
  [     -0.00,       0.00) | ##########################               6
  [      0.00,       0.00) | ##########################               6
  [      0.00,       0.00) | #############                            3

realizedAbs
  [     45.20,      53.53) | ######################################## 9
  [     53.53,      61.86) | #############                            3
  [     61.86,      70.19) |                                          0
  [     70.19,      78.52) | #############                            3
  [     78.52,      86.85) | ##########################               6
  [     86.85,      95.18) | ##########################               6
  [     95.18,     103.52) | #############                            3
  [    103.52,     111.85) | ##########################               6

minSpot
  [      0.05,       0.05) | ##########################               6
  [      0.05,       0.05) | #############                            3
  [      0.05,       0.05) | ##########################               6
  [      0.05,       0.05) | #############                            3
  [      0.05,       0.05) | #############                            3
  [      0.05,       0.05) | #############                            3
  [      0.05,       0.05) | #############                            3
  [      0.05,       0.05) | ######################################## 9

maxSpot
  [      0.08,       0.08) | ################                         6
  [      0.08,       0.08) | ######################################## 15
  [      0.08,       0.08) | ########                                 3
  [      0.08,       0.09) | ########                                 3
  [      0.09,       0.09) | ########                                 3
  [      0.09,       0.09) | ########                                 3
  [      0.09,       0.09) |                                          0
  [      0.09,       0.09) | ########                                 3

minCurve
  [      0.04,       0.04) | ##########                               3
  [      0.04,       0.04) | ##########                               3
  [      0.04,       0.04) | ##########                               3
  [      0.04,       0.04) | ####################                     6
  [      0.04,       0.04) |                                          0
  [      0.04,       0.05) | ######################################## 12
  [      0.05,       0.05) | ##########                               3
  [      0.05,       0.05) | ####################                     6

maxCurve
  [      0.09,       0.10) | ##########                               3
  [      0.10,       0.10) | ##########                               3
  [      0.10,       0.10) | ####################                     6
  [      0.10,       0.10) | ######################################## 12
  [      0.10,       0.10) | ##############################           9
  [      0.10,       0.10) |                                          0
  [      0.10,       0.11) |                                          0
  [      0.11,       0.11) | ##########                               3

rounds
  [     59.50,      59.62) |                                          0
  [     59.62,      59.75) |                                          0
  [     59.75,      59.88) |                                          0
  [     59.88,      60.00) |                                          0
  [     60.00,      60.12) | ######################################## 36
  [     60.12,      60.25) |                                          0
  [     60.25,      60.38) |                                          0
  [     60.38,      60.50) |                                          0

settlementLegs
  [     78.00,      78.50) | ########                                 3
  [     78.50,      79.00) |                                          0
  [     79.00,      79.50) | ################                         6
  [     79.50,      80.00) |                                          0
  [     80.00,      80.50) | ######################################## 15
  [     80.50,      81.00) |                                          0
  [     81.00,      81.50) | ################                         6
  [     81.50,      82.00) | ################                         6

x402Total
  [     -0.50,      -0.38) |                                          0
  [     -0.38,      -0.25) |                                          0
  [     -0.25,      -0.12) |                                          0
  [     -0.12,       0.00) |                                          0
  [      0.00,       0.12) | ######################################## 36
  [      0.12,       0.25) |                                          0
  [      0.25,       0.38) |                                          0
  [      0.38,       0.50) |                                          0

deniedWorkers
  [     -0.50,      -0.38) |                                          0
  [     -0.38,      -0.25) |                                          0
  [     -0.25,      -0.12) |                                          0
  [     -0.12,       0.00) |                                          0
  [      0.00,       0.12) | ######################################## 36
  [      0.12,       0.25) |                                          0
  [      0.25,       0.38) |                                          0
  [      0.38,       0.50) |                                          0

=== Descriptive Statistics — mode=x402 ===
                count          mean           std           min            5%           25%           50%           75%           95%           max   skew   kurt
seed             36.0  6.584731e+08  8.007834e+08  2.026071e+08  2.026071e+08  2.026071e+08  2.026071e+08  6.584731e+08  2.026071e+09  2.026071e+09  1.206 -0.582
role_pnl         36.0 -1.499874e-01  1.252321e+01 -2.855571e+01 -2.020155e+01 -1.041088e+01  3.282142e+00  7.747690e+00  1.828698e+01  2.351825e+01 -0.411 -0.365
wallet_sum_pnl   36.0 -5.127843e-15  1.464152e-14 -3.796963e-14 -3.796963e-14 -1.298961e-14 -6.550316e-15  5.162537e-15  1.978973e-14  1.978973e-14 -0.515  0.397
realizedAbs      36.0  7.865635e+01  2.210012e+01  4.520417e+01  4.520417e+01  5.774322e+01  8.152354e+01  9.284294e+01  1.118452e+02  1.118452e+02 -0.021 -1.273
minSpot          36.0  4.844042e-02  2.233723e-03  4.506125e-02  4.506125e-02  4.669109e-02  4.842659e-02  5.038570e-02  5.153193e-02  5.153193e-02  0.037 -1.434
maxSpot          36.0  8.397234e-02  3.352142e-03  8.012930e-02  8.012930e-02  8.210667e-02  8.251269e-02  8.577827e-02  9.186056e-02  9.186056e-02  1.112  0.464
minCurve         36.0  4.456250e-02  1.086237e-03  4.250000e-02  4.250000e-02  4.393750e-02  4.500000e-02  4.512500e-02  4.600000e-02  4.600000e-02 -0.452 -0.779
maxCurve         36.0  9.958333e-02  3.138471e-03  9.400000e-02  9.400000e-02  9.800000e-02  9.950000e-02  1.007500e-01  1.070000e-01  1.070000e-01  0.592  1.154
rounds           36.0  6.000000e+01  0.000000e+00  6.000000e+01  6.000000e+01  6.000000e+01  6.000000e+01  6.000000e+01  6.000000e+01  6.000000e+01  0.000  0.000
settlementLegs   36.0  8.016667e+01  1.158817e+00  7.800000e+01  7.800000e+01  7.975000e+01  8.000000e+01  8.100000e+01  8.200000e+01  8.200000e+01  0.006 -0.493
x402Total        36.0  3.350401e+02  2.501804e+01  3.012440e+02  3.012440e+02  3.111677e+02  3.348324e+02  3.561804e+02  3.783291e+02  3.783291e+02  0.067 -1.212
deniedWorkers    36.0  0.000000e+00  0.000000e+00  0.000000e+00  0.000000e+00  0.000000e+00  0.000000e+00  0.000000e+00  0.000000e+00  0.000000e+00  0.000  0.000

=== Histograms — mode=x402 ===

seed
  [202607121.00, 430540132.38) | ######################################## 27
  [430540132.38, 658473143.75) |                                          0
  [658473143.75, 886406155.12) |                                          0
  [886406155.12, 1114339166.50) |                                          0
  [1114339166.50, 1342272177.88) |                                          0
  [1342272177.88, 1570205189.25) |                                          0
  [1570205189.25, 1798138200.62) |                                          0
  [1798138200.62, 2026071212.00) | #############                            9

role_pnl
  [    -28.56,     -22.05) | #######                                  2
  [    -22.05,     -15.54) | #######                                  2
  [    -15.54,      -9.03) | #####################                    6
  [     -9.03,      -2.52) | #######                                  2
  [     -2.52,       3.99) | #########################                7
  [      3.99,      10.50) | ######################################## 11
  [     10.50,      17.01) | ##########                               3
  [     17.01,      23.52) | ##########                               3

wallet_sum_pnl
  [     -0.00,      -0.00) | #############                            3
  [     -0.00,      -0.00) |                                          0
  [     -0.00,      -0.00) | #############                            3
  [     -0.00,      -0.00) | ##########################               6
  [     -0.00,      -0.00) | ######################################## 9
  [     -0.00,       0.00) | ##########################               6
  [      0.00,       0.00) | ##########################               6
  [      0.00,       0.00) | #############                            3

realizedAbs
  [     45.20,      53.53) | ######################################## 9
  [     53.53,      61.86) | #############                            3
  [     61.86,      70.19) |                                          0
  [     70.19,      78.52) | #############                            3
  [     78.52,      86.85) | ##########################               6
  [     86.85,      95.18) | ##########################               6
  [     95.18,     103.52) | #############                            3
  [    103.52,     111.85) | ##########################               6

minSpot
  [      0.05,       0.05) | ##########################               6
  [      0.05,       0.05) | #############                            3
  [      0.05,       0.05) | ##########################               6
  [      0.05,       0.05) | #############                            3
  [      0.05,       0.05) | #############                            3
  [      0.05,       0.05) | #############                            3
  [      0.05,       0.05) | #############                            3
  [      0.05,       0.05) | ######################################## 9

maxSpot
  [      0.08,       0.08) | ################                         6
  [      0.08,       0.08) | ######################################## 15
  [      0.08,       0.08) | ########                                 3
  [      0.08,       0.09) | ########                                 3
  [      0.09,       0.09) | ########                                 3
  [      0.09,       0.09) | ########                                 3
  [      0.09,       0.09) |                                          0
  [      0.09,       0.09) | ########                                 3

minCurve
  [      0.04,       0.04) | ##########                               3
  [      0.04,       0.04) | ##########                               3
  [      0.04,       0.04) | ##########                               3
  [      0.04,       0.04) | ####################                     6
  [      0.04,       0.04) |                                          0
  [      0.04,       0.05) | ######################################## 12
  [      0.05,       0.05) | ##########                               3
  [      0.05,       0.05) | ####################                     6

maxCurve
  [      0.09,       0.10) | ##########                               3
  [      0.10,       0.10) | ##########                               3
  [      0.10,       0.10) | ####################                     6
  [      0.10,       0.10) | ######################################## 12
  [      0.10,       0.10) | ##############################           9
  [      0.10,       0.10) |                                          0
  [      0.10,       0.11) |                                          0
  [      0.11,       0.11) | ##########                               3

rounds
  [     59.50,      59.62) |                                          0
  [     59.62,      59.75) |                                          0
  [     59.75,      59.88) |                                          0
  [     59.88,      60.00) |                                          0
  [     60.00,      60.12) | ######################################## 36
  [     60.12,      60.25) |                                          0
  [     60.25,      60.38) |                                          0
  [     60.38,      60.50) |                                          0

settlementLegs
  [     78.00,      78.50) | ########                                 3
  [     78.50,      79.00) |                                          0
  [     79.00,      79.50) | ################                         6
  [     79.50,      80.00) |                                          0
  [     80.00,      80.50) | ######################################## 15
  [     80.50,      81.00) |                                          0
  [     81.00,      81.50) | ################                         6
  [     81.50,      82.00) | ################                         6

x402Total
  [    301.24,     310.88) | ######################################## 9
  [    310.88,     320.52) | #############                            3
  [    320.52,     330.15) | #############                            3
  [    330.15,     339.79) | ##########################               6
  [    339.79,     349.42) | #############                            3
  [    349.42,     359.06) | ##########################               6
  [    359.06,     368.69) | #############                            3
  [    368.69,     378.33) | #############                            3

deniedWorkers
  [     -0.50,      -0.38) |                                          0
  [     -0.38,      -0.25) |                                          0
  [     -0.25,      -0.12) |                                          0
  [     -0.12,       0.00) |                                          0
  [      0.00,       0.12) | ######################################## 36
  [      0.12,       0.25) |                                          0
  [      0.25,       0.38) |                                          0
  [      0.38,       0.50) |                                          0


Stats saved to out/programmatic-eda/compute-futures-2026-07-12/distributions_by_mode.csv
