=== Descriptive Statistics — mode=basket ===
                count          mean           std           min            5%           25%           50%           75%           95%           max   skew   kurt
seed             36.0  6.584738e+08  8.007842e+08  2.026073e+08  2.026073e+08  2.026073e+08  2.026073e+08  6.584738e+08  2.026073e+09  2.026073e+09  1.206 -0.582
role_pnl         36.0 -1.433647e+00  3.575247e+01 -6.503344e+01 -6.181702e+01 -3.478719e+01  7.039432e+00  2.590306e+01  4.378508e+01  6.174071e+01 -0.395 -0.954
wallet_sum_pnl   36.0  1.767105e-14  3.709417e-14 -4.085621e-14 -4.085621e-14 -7.327472e-15  1.487699e-14  4.352074e-14  9.170442e-14  9.170442e-14  0.352 -0.543
realizedAbs      36.0  2.048333e+02  3.621216e+01  1.283709e+02  1.283709e+02  1.848266e+02  2.063631e+02  2.175663e+02  2.683804e+02  2.683804e+02 -0.189  0.185
minSpot          36.0  1.219524e-01  4.203116e-03  1.139106e-01  1.139106e-01  1.187813e-01  1.227213e-01  1.257624e-01  1.275448e-01  1.275448e-01 -0.425 -0.916
maxSpot          36.0  2.106425e-01  6.247984e-03  2.036459e-01  2.036459e-01  2.065773e-01  2.087239e-01  2.128606e-01  2.241924e-01  2.241924e-01  1.071  0.047
minCurve         36.0  1.098750e-01  2.993743e-03  1.045000e-01  1.045000e-01  1.086250e-01  1.090000e-01  1.121250e-01  1.150000e-01  1.150000e-01 -0.092 -0.783
maxCurve         36.0  2.486458e-01  8.727087e-03  2.355000e-01  2.355000e-01  2.446250e-01  2.485000e-01  2.515000e-01  2.710000e-01  2.710000e-01  1.061  1.872
rounds           36.0  6.000000e+01  0.000000e+00  6.000000e+01  6.000000e+01  6.000000e+01  6.000000e+01  6.000000e+01  6.000000e+01  6.000000e+01  0.000  0.000
settlementLegs   36.0  8.050000e+01  1.463850e+00  7.800000e+01  7.800000e+01  8.000000e+01  8.050000e+01  8.125000e+01  8.300000e+01  8.300000e+01 -0.260 -0.444
x402Total        36.0  0.000000e+00  0.000000e+00  0.000000e+00  0.000000e+00  0.000000e+00  0.000000e+00  0.000000e+00  0.000000e+00  0.000000e+00  0.000  0.000
deniedWorkers    36.0  0.000000e+00  0.000000e+00  0.000000e+00  0.000000e+00  0.000000e+00  0.000000e+00  0.000000e+00  0.000000e+00  0.000000e+00  0.000  0.000

=== Histograms — mode=basket ===

seed
  [202607311.00, 430540536.12) | ######################################## 27
  [430540536.12, 658473761.25) |                                          0
  [658473761.25, 886406986.38) |                                          0
  [886406986.38, 1114340211.50) |                                          0
  [1114340211.50, 1342273436.62) |                                          0
  [1342273436.62, 1570206661.75) |                                          0
  [1570206661.75, 1798139886.88) |                                          0
  [1798139886.88, 2026073112.00) | #############                            9

role_pnl
  [    -65.03,     -49.19) | ##########################               6
  [    -49.19,     -33.34) | #################                        4
  [    -33.34,     -17.49) | ########                                 2
  [    -17.49,      -1.65) | ########                                 2
  [     -1.65,      14.20) | ###############################          7
  [     14.20,      30.05) | ######################################## 9
  [     30.05,      45.89) | #################                        4
  [     45.89,      61.74) | ########                                 2

wallet_sum_pnl
  [     -0.00,      -0.00) | ####################                     3
  [     -0.00,      -0.00) | ######################################## 6
  [     -0.00,       0.00) | ######################################## 6
  [      0.00,       0.00) | ######################################## 6
  [      0.00,       0.00) | ######################################## 6
  [      0.00,       0.00) | ####################                     3
  [      0.00,       0.00) | ####################                     3
  [      0.00,       0.00) | ####################                     3

realizedAbs
  [    128.37,     145.87) | ########                                 3
  [    145.87,     163.37) |                                          0
  [    163.37,     180.87) | ################                         6
  [    180.87,     198.38) | ########                                 3
  [    198.38,     215.88) | ######################################## 15
  [    215.88,     233.38) |                                          0
  [    233.38,     250.88) | ########                                 3
  [    250.88,     268.38) | ################                         6

minSpot
  [      0.11,       0.12) | #############                            3
  [      0.12,       0.12) | #############                            3
  [      0.12,       0.12) | #############                            3
  [      0.12,       0.12) | #############                            3
  [      0.12,       0.12) | ##########################               6
  [      0.12,       0.12) | ##########################               6
  [      0.12,       0.13) | #############                            3
  [      0.13,       0.13) | ######################################## 9

maxSpot
  [      0.20,       0.21) | ######################################## 9
  [      0.21,       0.21) | ######################################## 9
  [      0.21,       0.21) | ##########################               6
  [      0.21,       0.21) | #############                            3
  [      0.21,       0.22) | #############                            3
  [      0.22,       0.22) |                                          0
  [      0.22,       0.22) | #############                            3
  [      0.22,       0.22) | #############                            3

minCurve
  [      0.10,       0.11) | ##########                               3
  [      0.11,       0.11) | ##########                               3
  [      0.11,       0.11) | ##########                               3
  [      0.11,       0.11) | ######################################## 12
  [      0.11,       0.11) |                                          0
  [      0.11,       0.11) | ####################                     6
  [      0.11,       0.11) | ####################                     6
  [      0.11,       0.12) | ##########                               3

maxCurve
  [      0.24,       0.24) | ####################                     6
  [      0.24,       0.24) | ##########                               3
  [      0.24,       0.25) | ######################################## 12
  [      0.25,       0.25) | ##############################           9
  [      0.25,       0.26) | ##########                               3
  [      0.26,       0.26) |                                          0
  [      0.26,       0.27) |                                          0
  [      0.27,       0.27) | ##########                               3

rounds
  [     59.50,      59.62) |                                          0
  [     59.62,      59.75) |                                          0
  [     59.75,      59.88) |                                          0
  [     59.88,      60.00) |                                          0
  [     60.00,      60.12) | ######################################## 36
  [     60.12,      60.25) |                                          0
  [     60.25,      60.38) |                                          0
  [     60.38,      60.50) |                                          0

settlementLegs
  [     78.00,      78.62) | ####################                     6
  [     78.62,      79.25) |                                          0
  [     79.25,      79.88) |                                          0
  [     79.88,      80.50) | ######################################## 12
  [     80.50,      81.12) | ##############################           9
  [     81.12,      81.75) |                                          0
  [     81.75,      82.38) | ####################                     6
  [     82.38,      83.00) | ##########                               3

x402Total
  [     -0.50,      -0.38) |                                          0
  [     -0.38,      -0.25) |                                          0
  [     -0.25,      -0.12) |                                          0
  [     -0.12,       0.00) |                                          0
  [      0.00,       0.12) | ######################################## 36
  [      0.12,       0.25) |                                          0
  [      0.25,       0.38) |                                          0
  [      0.38,       0.50) |                                          0

deniedWorkers
  [     -0.50,      -0.38) |                                          0
  [     -0.38,      -0.25) |                                          0
  [     -0.25,      -0.12) |                                          0
  [     -0.12,       0.00) |                                          0
  [      0.00,       0.12) | ######################################## 36
  [      0.12,       0.25) |                                          0
  [      0.25,       0.38) |                                          0
  [      0.38,       0.50) |                                          0

=== Descriptive Statistics — mode=spread ===
                count          mean           std           min            5%           25%           50%           75%           95%           max   skew   kurt
seed             36.0  6.584738e+08  8.007842e+08  2.026073e+08  2.026073e+08  2.026073e+08  2.026073e+08  6.584738e+08  2.026073e+09  2.026073e+09  1.206 -0.582
role_pnl         36.0 -4.727801e+02  7.314427e+03 -1.679742e+04 -1.426407e+04 -3.404475e+03 -5.330853e+02  3.800692e+03  1.119862e+04  1.192970e+04 -0.428  0.028
wallet_sum_pnl   36.0 -1.612932e-12  6.764037e-12 -1.818989e-11 -1.818989e-11 -3.780087e-12 -3.183231e-12  2.359002e-12  9.436008e-12  9.436008e-12 -0.796  1.316
realizedAbs      36.0  4.807323e+04  1.321550e+04  2.712851e+04  2.712851e+04  3.785288e+04  4.446531e+04  5.758918e+04  7.698328e+04  7.698328e+04  0.608 -0.013
minSpot          36.0  4.264968e+01  1.083850e+00  4.063772e+01  4.063772e+01  4.207990e+01  4.279149e+01  4.348663e+01  4.429457e+01  4.429457e+01 -0.427 -0.683
maxSpot          36.0  6.644371e+01  2.708291e+00  6.105793e+01  6.105793e+01  6.433336e+01  6.746416e+01  6.819344e+01  6.999766e+01  6.999766e+01 -0.670 -0.671
minCurve         36.0  4.038881e+01  8.504697e-01  3.871750e+01  3.871750e+01  3.991925e+01  4.045900e+01  4.119675e+01  4.144850e+01  4.144850e+01 -0.468 -0.737
maxCurve         36.0  7.094110e+01  2.077604e+00  6.788725e+01  6.788725e+01  7.006963e+01  7.052025e+01  7.118275e+01  7.684950e+01  7.684950e+01  1.775  3.890
rounds           36.0  6.000000e+01  0.000000e+00  6.000000e+01  6.000000e+01  6.000000e+01  6.000000e+01  6.000000e+01  6.000000e+01  6.000000e+01  0.000  0.000
settlementLegs   36.0  8.058333e+01  1.052209e+00  7.800000e+01  7.800000e+01  8.075000e+01  8.100000e+01  8.100000e+01  8.200000e+01  8.200000e+01 -1.401  1.308
x402Total        36.0  0.000000e+00  0.000000e+00  0.000000e+00  0.000000e+00  0.000000e+00  0.000000e+00  0.000000e+00  0.000000e+00  0.000000e+00  0.000  0.000
deniedWorkers    36.0  0.000000e+00  0.000000e+00  0.000000e+00  0.000000e+00  0.000000e+00  0.000000e+00  0.000000e+00  0.000000e+00  0.000000e+00  0.000  0.000

=== Histograms — mode=spread ===

seed
  [202607311.00, 430540536.12) | ######################################## 27
  [430540536.12, 658473761.25) |                                          0
  [658473761.25, 886406986.38) |                                          0
  [886406986.38, 1114340211.50) |                                          0
  [1114340211.50, 1342273436.62) |                                          0
  [1342273436.62, 1570206661.75) |                                          0
  [1570206661.75, 1798139886.88) |                                          0
  [1798139886.88, 2026073112.00) | #############                            9

role_pnl
  [ -16797.42,  -13206.53) | ############                             3
  [ -13206.53,   -9615.64) | ####                                     1
  [  -9615.64,   -6024.75) | ########                                 2
  [  -6024.75,   -2433.86) | ####################                     5
  [  -2433.86,    1157.03) | ######################################## 10
  [   1157.03,    4747.92) | ####################################     9
  [   4747.92,    8338.81) | ####                                     1
  [   8338.81,   11929.70) | ####################                     5

wallet_sum_pnl
  [     -0.00,      -0.00) | ########                                 3
  [     -0.00,      -0.00) |                                          0
  [     -0.00,      -0.00) |                                          0
  [     -0.00,      -0.00) | ########                                 3
  [     -0.00,      -0.00) | ######################################## 15
  [     -0.00,       0.00) | ################                         6
  [      0.00,       0.00) | ################                         6
  [      0.00,       0.00) | ########                                 3

realizedAbs
  [  27128.51,   33360.35) | #############                            3
  [  33360.35,   39592.20) | ######################################## 9
  [  39592.20,   45824.05) | ######################################## 9
  [  45824.05,   52055.89) | #############                            3
  [  52055.89,   58287.74) | #############                            3
  [  58287.74,   64519.58) | ##########################               6
  [  64519.58,   70751.43) |                                          0
  [  70751.43,   76983.28) | #############                            3

minSpot
  [     40.64,      41.09) | ##########################               6
  [     41.09,      41.55) |                                          0
  [     41.55,      42.01) | #############                            3
  [     42.01,      42.47) | ##########################               6
  [     42.47,      42.92) | ##########################               6
  [     42.92,      43.38) | #############                            3
  [     43.38,      43.84) | ######################################## 9
  [     43.84,      44.29) | #############                            3

maxSpot
  [     61.06,      62.18) | #############                            3
  [     62.18,      63.29) | #############                            3
  [     63.29,      64.41) | ##########################               6
  [     64.41,      65.53) |                                          0
  [     65.53,      66.65) | #############                            3
  [     66.65,      67.76) | ######################################## 9
  [     67.76,      68.88) | ##########################               6
  [     68.88,      70.00) | ##########################               6

minCurve
  [     38.72,      39.06) | ##########                               3
  [     39.06,      39.40) | ##########                               3
  [     39.40,      39.74) | ##########                               3
  [     39.74,      40.08) | ##########                               3
  [     40.08,      40.42) | ####################                     6
  [     40.42,      40.77) | ####################                     6
  [     40.77,      41.11) |                                          0
  [     41.11,      41.45) | ######################################## 12

maxCurve
  [     67.89,      69.01) | ######                                   3
  [     69.01,      70.13) | #############                            6
  [     70.13,      71.25) | ######################################## 18
  [     71.25,      72.37) | #############                            6
  [     72.37,      73.49) |                                          0
  [     73.49,      74.61) |                                          0
  [     74.61,      75.73) |                                          0
  [     75.73,      76.85) | ######                                   3

rounds
  [     59.50,      59.62) |                                          0
  [     59.62,      59.75) |                                          0
  [     59.75,      59.88) |                                          0
  [     59.88,      60.00) |                                          0
  [     60.00,      60.12) | ######################################## 36
  [     60.12,      60.25) |                                          0
  [     60.25,      60.38) |                                          0
  [     60.38,      60.50) |                                          0

settlementLegs
  [     78.00,      78.50) | #####                                    3
  [     78.50,      79.00) |                                          0
  [     79.00,      79.50) | #####                                    3
  [     79.50,      80.00) |                                          0
  [     80.00,      80.50) | #####                                    3
  [     80.50,      81.00) |                                          0
  [     81.00,      81.50) | ######################################## 24
  [     81.50,      82.00) | #####                                    3

x402Total
  [     -0.50,      -0.38) |                                          0
  [     -0.38,      -0.25) |                                          0
  [     -0.25,      -0.12) |                                          0
  [     -0.12,       0.00) |                                          0
  [      0.00,       0.12) | ######################################## 36
  [      0.12,       0.25) |                                          0
  [      0.25,       0.38) |                                          0
  [      0.38,       0.50) |                                          0

deniedWorkers
  [     -0.50,      -0.38) |                                          0
  [     -0.38,      -0.25) |                                          0
  [     -0.25,      -0.12) |                                          0
  [     -0.12,       0.00) |                                          0
  [      0.00,       0.12) | ######################################## 36
  [      0.12,       0.25) |                                          0
  [      0.25,       0.38) |                                          0
  [      0.38,       0.50) |                                          0

=== Descriptive Statistics — mode=synthetic ===
                count          mean           std           min            5%           25%           50%           75%           95%           max   skew   kurt
seed             36.0  6.584738e+08  8.007842e+08  2.026073e+08  2.026073e+08  2.026073e+08  2.026073e+08  6.584738e+08  2.026073e+09  2.026073e+09  1.206 -0.582
role_pnl         36.0 -5.122565e-01  1.303823e+01 -2.541508e+01 -2.169315e+01 -1.318243e+01  2.697416e+00  8.345559e+00  1.647034e+01  2.351502e+01 -0.403 -0.816
wallet_sum_pnl   36.0  1.940577e-15  1.749563e-14 -1.754152e-14 -1.754152e-14 -5.960510e-15  2.220446e-16  1.471046e-15  5.240253e-14  5.240253e-14  2.004  4.041
realizedAbs      36.0  7.944343e+01  1.489167e+01  4.598691e+01  4.598691e+01  7.371714e+01  7.905063e+01  8.264421e+01  1.081292e+02  1.081292e+02 -0.207  1.026
minSpot          36.0  4.878095e-02  1.681247e-03  4.556423e-02  4.556423e-02  4.751251e-02  4.908852e-02  5.030496e-02  5.101794e-02  5.101794e-02 -0.425 -0.916
maxSpot          36.0  8.425701e-02  2.499193e-03  8.145835e-02  8.145835e-02  8.263093e-02  8.348955e-02  8.514424e-02  8.967695e-02  8.967695e-02  1.071  0.047
minCurve         36.0  4.414583e-02  1.087880e-03  4.200000e-02  4.200000e-02  4.368750e-02  4.400000e-02  4.500000e-02  4.550000e-02  4.550000e-02 -0.553 -0.583
maxCurve         36.0  9.962500e-02  3.201283e-03  9.450000e-02  9.450000e-02  9.825000e-02  9.950000e-02  1.006250e-01  1.080000e-01  1.080000e-01  1.161  2.291
rounds           36.0  6.000000e+01  0.000000e+00  6.000000e+01  6.000000e+01  6.000000e+01  6.000000e+01  6.000000e+01  6.000000e+01  6.000000e+01  0.000  0.000
settlementLegs   36.0  8.008333e+01  1.574348e+00  7.800000e+01  7.800000e+01  7.900000e+01  8.000000e+01  8.125000e+01  8.300000e+01  8.300000e+01  0.413 -0.925
x402Total        36.0  0.000000e+00  0.000000e+00  0.000000e+00  0.000000e+00  0.000000e+00  0.000000e+00  0.000000e+00  0.000000e+00  0.000000e+00  0.000  0.000
deniedWorkers    36.0  0.000000e+00  0.000000e+00  0.000000e+00  0.000000e+00  0.000000e+00  0.000000e+00  0.000000e+00  0.000000e+00  0.000000e+00  0.000  0.000

=== Histograms — mode=synthetic ===

seed
  [202607311.00, 430540536.12) | ######################################## 27
  [430540536.12, 658473761.25) |                                          0
  [658473761.25, 886406986.38) |                                          0
  [886406986.38, 1114340211.50) |                                          0
  [1114340211.50, 1342273436.62) |                                          0
  [1342273436.62, 1570206661.75) |                                          0
  [1570206661.75, 1798139886.88) |                                          0
  [1798139886.88, 2026073112.00) | #############                            9

role_pnl
  [    -25.42,     -19.30) | ################                         4
  [    -19.30,     -13.18) | ####################                     5
  [    -13.18,      -7.07) | ########                                 2
  [     -7.07,      -0.95) | ########                                 2
  [     -0.95,       5.17) | ################################         8
  [      5.17,      11.28) | ######################################## 10
  [     11.28,      17.40) | ############                             3
  [     17.40,      23.52) | ########                                 2

wallet_sum_pnl
  [     -0.00,      -0.00) | ########################                 9
  [     -0.00,      -0.00) | ################                         6
  [     -0.00,       0.00) | ######################################## 15
  [      0.00,       0.00) | ########                                 3
  [      0.00,       0.00) |                                          0
  [      0.00,       0.00) |                                          0
  [      0.00,       0.00) |                                          0
  [      0.00,       0.00) | ########                                 3

realizedAbs
  [     45.99,      53.75) | ##########                               3
  [     53.75,      61.52) |                                          0
  [     61.52,      69.29) |                                          0
  [     69.29,      77.06) | ######################################## 12
  [     77.06,      84.83) | ######################################## 12
  [     84.83,      92.59) | ##########                               3
  [     92.59,     100.36) | ##########                               3
  [    100.36,     108.13) | ##########                               3

minSpot
  [      0.05,       0.05) | #############                            3
  [      0.05,       0.05) | #############                            3
  [      0.05,       0.05) | #############                            3
  [      0.05,       0.05) | #############                            3
  [      0.05,       0.05) | ##########################               6
  [      0.05,       0.05) | ##########################               6
  [      0.05,       0.05) | #############                            3
  [      0.05,       0.05) | ######################################## 9

maxSpot
  [      0.08,       0.08) | ######################################## 9
  [      0.08,       0.08) | ######################################## 9
  [      0.08,       0.08) | ##########################               6
  [      0.08,       0.09) | #############                            3
  [      0.09,       0.09) | #############                            3
  [      0.09,       0.09) |                                          0
  [      0.09,       0.09) | #############                            3
  [      0.09,       0.09) | #############                            3

minCurve
  [      0.04,       0.04) | ##########                               3
  [      0.04,       0.04) | ##########                               3
  [      0.04,       0.04) |                                          0
  [      0.04,       0.04) | ##########                               3
  [      0.04,       0.04) | ######################################## 12
  [      0.04,       0.04) |                                          0
  [      0.04,       0.05) | ##############################           9
  [      0.05,       0.05) | ####################                     6

maxCurve
  [      0.09,       0.10) | ##########                               3
  [      0.10,       0.10) | ####################                     6
  [      0.10,       0.10) | ######################################## 12
  [      0.10,       0.10) | ##############################           9
  [      0.10,       0.10) | ##########                               3
  [      0.10,       0.10) |                                          0
  [      0.10,       0.11) |                                          0
  [      0.11,       0.11) | ##########                               3

rounds
  [     59.50,      59.62) |                                          0
  [     59.62,      59.75) |                                          0
  [     59.75,      59.88) |                                          0
  [     59.88,      60.00) |                                          0
  [     60.00,      60.12) | ######################################## 36
  [     60.12,      60.25) |                                          0
  [     60.25,      60.38) |                                          0
  [     60.38,      60.50) |                                          0

settlementLegs
  [     78.00,      78.62) | ##########################               6
  [     78.62,      79.25) | ######################################## 9
  [     79.25,      79.88) |                                          0
  [     79.88,      80.50) | ######################################## 9
  [     80.50,      81.12) | #############                            3
  [     81.12,      81.75) |                                          0
  [     81.75,      82.38) | ##########################               6
  [     82.38,      83.00) | #############                            3

x402Total
  [     -0.50,      -0.38) |                                          0
  [     -0.38,      -0.25) |                                          0
  [     -0.25,      -0.12) |                                          0
  [     -0.12,       0.00) |                                          0
  [      0.00,       0.12) | ######################################## 36
  [      0.12,       0.25) |                                          0
  [      0.25,       0.38) |                                          0
  [      0.38,       0.50) |                                          0

deniedWorkers
  [     -0.50,      -0.38) |                                          0
  [     -0.38,      -0.25) |                                          0
  [     -0.25,      -0.12) |                                          0
  [     -0.12,       0.00) |                                          0
  [      0.00,       0.12) | ######################################## 36
  [      0.12,       0.25) |                                          0
  [      0.25,       0.38) |                                          0
  [      0.38,       0.50) |                                          0

=== Descriptive Statistics — mode=x402 ===
                count          mean           std           min            5%           25%           50%           75%           95%           max   skew   kurt
seed             36.0  6.584738e+08  8.007842e+08  2.026073e+08  2.026073e+08  2.026073e+08  2.026073e+08  6.584738e+08  2.026073e+09  2.026073e+09  1.206 -0.582
role_pnl         36.0 -5.122565e-01  1.303823e+01 -2.541508e+01 -2.169315e+01 -1.318243e+01  2.697416e+00  8.345559e+00  1.647034e+01  2.351502e+01 -0.403 -0.816
wallet_sum_pnl   36.0  1.940577e-15  1.749563e-14 -1.754152e-14 -1.754152e-14 -5.960510e-15  2.220446e-16  1.471046e-15  5.240253e-14  5.240253e-14  2.004  4.041
realizedAbs      36.0  7.944343e+01  1.489167e+01  4.598691e+01  4.598691e+01  7.371714e+01  7.905063e+01  8.264421e+01  1.081292e+02  1.081292e+02 -0.207  1.026
minSpot          36.0  4.878095e-02  1.681247e-03  4.556423e-02  4.556423e-02  4.751251e-02  4.908852e-02  5.030496e-02  5.101794e-02  5.101794e-02 -0.425 -0.916
maxSpot          36.0  8.425701e-02  2.499193e-03  8.145835e-02  8.145835e-02  8.263093e-02  8.348955e-02  8.514424e-02  8.967695e-02  8.967695e-02  1.071  0.047
minCurve         36.0  4.414583e-02  1.087880e-03  4.200000e-02  4.200000e-02  4.368750e-02  4.400000e-02  4.500000e-02  4.550000e-02  4.550000e-02 -0.553 -0.583
maxCurve         36.0  9.962500e-02  3.201283e-03  9.450000e-02  9.450000e-02  9.825000e-02  9.950000e-02  1.006250e-01  1.080000e-01  1.080000e-01  1.161  2.291
rounds           36.0  6.000000e+01  0.000000e+00  6.000000e+01  6.000000e+01  6.000000e+01  6.000000e+01  6.000000e+01  6.000000e+01  6.000000e+01  0.000  0.000
settlementLegs   36.0  8.008333e+01  1.574348e+00  7.800000e+01  7.800000e+01  7.900000e+01  8.000000e+01  8.125000e+01  8.300000e+01  8.300000e+01  0.413 -0.925
x402Total        36.0  3.460989e+02  2.841622e+01  3.150802e+02  3.150802e+02  3.269362e+02  3.401162e+02  3.485763e+02  4.093151e+02  4.093151e+02  1.247  0.575
deniedWorkers    36.0  0.000000e+00  0.000000e+00  0.000000e+00  0.000000e+00  0.000000e+00  0.000000e+00  0.000000e+00  0.000000e+00  0.000000e+00  0.000  0.000

=== Histograms — mode=x402 ===

seed
  [202607311.00, 430540536.12) | ######################################## 27
  [430540536.12, 658473761.25) |                                          0
  [658473761.25, 886406986.38) |                                          0
  [886406986.38, 1114340211.50) |                                          0
  [1114340211.50, 1342273436.62) |                                          0
  [1342273436.62, 1570206661.75) |                                          0
  [1570206661.75, 1798139886.88) |                                          0
  [1798139886.88, 2026073112.00) | #############                            9

role_pnl
  [    -25.42,     -19.30) | ################                         4
  [    -19.30,     -13.18) | ####################                     5
  [    -13.18,      -7.07) | ########                                 2
  [     -7.07,      -0.95) | ########                                 2
  [     -0.95,       5.17) | ################################         8
  [      5.17,      11.28) | ######################################## 10
  [     11.28,      17.40) | ############                             3
  [     17.40,      23.52) | ########                                 2

wallet_sum_pnl
  [     -0.00,      -0.00) | ########################                 9
  [     -0.00,      -0.00) | ################                         6
  [     -0.00,       0.00) | ######################################## 15
  [      0.00,       0.00) | ########                                 3
  [      0.00,       0.00) |                                          0
  [      0.00,       0.00) |                                          0
  [      0.00,       0.00) |                                          0
  [      0.00,       0.00) | ########                                 3

realizedAbs
  [     45.99,      53.75) | ##########                               3
  [     53.75,      61.52) |                                          0
  [     61.52,      69.29) |                                          0
  [     69.29,      77.06) | ######################################## 12
  [     77.06,      84.83) | ######################################## 12
  [     84.83,      92.59) | ##########                               3
  [     92.59,     100.36) | ##########                               3
  [    100.36,     108.13) | ##########                               3

minSpot
  [      0.05,       0.05) | #############                            3
  [      0.05,       0.05) | #############                            3
  [      0.05,       0.05) | #############                            3
  [      0.05,       0.05) | #############                            3
  [      0.05,       0.05) | ##########################               6
  [      0.05,       0.05) | ##########################               6
  [      0.05,       0.05) | #############                            3
  [      0.05,       0.05) | ######################################## 9

maxSpot
  [      0.08,       0.08) | ######################################## 9
  [      0.08,       0.08) | ######################################## 9
  [      0.08,       0.08) | ##########################               6
  [      0.08,       0.09) | #############                            3
  [      0.09,       0.09) | #############                            3
  [      0.09,       0.09) |                                          0
  [      0.09,       0.09) | #############                            3
  [      0.09,       0.09) | #############                            3

minCurve
  [      0.04,       0.04) | ##########                               3
  [      0.04,       0.04) | ##########                               3
  [      0.04,       0.04) |                                          0
  [      0.04,       0.04) | ##########                               3
  [      0.04,       0.04) | ######################################## 12
  [      0.04,       0.04) |                                          0
  [      0.04,       0.05) | ##############################           9
  [      0.05,       0.05) | ####################                     6

maxCurve
  [      0.09,       0.10) | ##########                               3
  [      0.10,       0.10) | ####################                     6
  [      0.10,       0.10) | ######################################## 12
  [      0.10,       0.10) | ##############################           9
  [      0.10,       0.10) | ##########                               3
  [      0.10,       0.10) |                                          0
  [      0.10,       0.11) |                                          0
  [      0.11,       0.11) | ##########                               3

rounds
  [     59.50,      59.62) |                                          0
  [     59.62,      59.75) |                                          0
  [     59.75,      59.88) |                                          0
  [     59.88,      60.00) |                                          0
  [     60.00,      60.12) | ######################################## 36
  [     60.12,      60.25) |                                          0
  [     60.25,      60.38) |                                          0
  [     60.38,      60.50) |                                          0

settlementLegs
  [     78.00,      78.62) | ##########################               6
  [     78.62,      79.25) | ######################################## 9
  [     79.25,      79.88) |                                          0
  [     79.88,      80.50) | ######################################## 9
  [     80.50,      81.12) | #############                            3
  [     81.12,      81.75) |                                          0
  [     81.75,      82.38) | ##########################               6
  [     82.38,      83.00) | #############                            3

x402Total
  [    315.08,     326.86) | ##############################           9
  [    326.86,     338.64) | ####################                     6
  [    338.64,     350.42) | ######################################## 12
  [    350.42,     362.20) | ##########                               3
  [    362.20,     373.98) |                                          0
  [    373.98,     385.76) |                                          0
  [    385.76,     397.54) | ##########                               3
  [    397.54,     409.32) | ##########                               3

deniedWorkers
  [     -0.50,      -0.38) |                                          0
  [     -0.38,      -0.25) |                                          0
  [     -0.25,      -0.12) |                                          0
  [     -0.12,       0.00) |                                          0
  [      0.00,       0.12) | ######################################## 36
  [      0.12,       0.25) |                                          0
  [      0.25,       0.38) |                                          0
  [      0.38,       0.50) |                                          0


Stats saved to out/programmatic-eda/compute-futures-2026-07-31/distributions_by_mode.csv
