=== Descriptive Statistics — mode=basket ===
                count          mean           std           min            5%           25%           50%           75%           95%           max   skew   kurt
seed             36.0  6.584764e+08  8.007873e+08  2.026081e+08  2.026081e+08  2.026081e+08  2.026081e+08  6.584764e+08  2.026081e+09  2.026081e+09  1.206 -0.582
role_pnl         36.0 -1.425717e+00  3.951138e+01 -9.033979e+01 -7.134878e+01 -2.729893e+01  7.171994e+00  2.536880e+01  5.196923e+01  5.567725e+01 -0.628 -0.326
wallet_sum_pnl   36.0 -2.868076e-15  2.559177e-14 -4.263256e-14 -4.263256e-14 -1.698641e-14 -1.210143e-14  1.909584e-14  4.729550e-14  4.729550e-14  0.408 -0.686
realizedAbs      36.0  2.439436e+02  4.383828e+01  1.551404e+02  1.551404e+02  2.310661e+02  2.504191e+02  2.806907e+02  2.976291e+02  2.976291e+02 -0.737 -0.367
minSpot          36.0  1.462075e-01  6.280342e-03  1.365009e-01  1.365009e-01  1.407630e-01  1.458578e-01  1.498509e-01  1.572239e-01  1.572239e-01  0.241 -0.967
maxSpot          36.0  2.570454e-01  7.844816e-03  2.423282e-01  2.423282e-01  2.533693e-01  2.560782e-01  2.602981e-01  2.742014e-01  2.742014e-01  0.361  0.560
minCurve         36.0  1.340417e-01  2.750000e-03  1.270000e-01  1.270000e-01  1.327500e-01  1.347500e-01  1.355000e-01  1.380000e-01  1.380000e-01 -1.223  1.691
maxCurve         36.0  2.960417e-01  5.705104e-03  2.870000e-01  2.870000e-01  2.920000e-01  2.962500e-01  2.992500e-01  3.065000e-01  3.065000e-01  0.206 -0.732
rounds           36.0  6.000000e+01  0.000000e+00  6.000000e+01  6.000000e+01  6.000000e+01  6.000000e+01  6.000000e+01  6.000000e+01  6.000000e+01  0.000  0.000
settlementLegs   36.0  7.958333e+01  1.962142e+00  7.600000e+01  7.600000e+01  7.875000e+01  7.950000e+01  8.100000e+01  8.300000e+01  8.300000e+01 -0.096 -0.567
x402Total        36.0  0.000000e+00  0.000000e+00  0.000000e+00  0.000000e+00  0.000000e+00  0.000000e+00  0.000000e+00  0.000000e+00  0.000000e+00  0.000  0.000
deniedWorkers    36.0  0.000000e+00  0.000000e+00  0.000000e+00  0.000000e+00  0.000000e+00  0.000000e+00  0.000000e+00  0.000000e+00  0.000000e+00  0.000  0.000

=== Histograms — mode=basket ===

seed
  [202608111.00, 430542236.12) | ######################################## 27
  [430542236.12, 658476361.25) |                                          0
  [658476361.25, 886410486.38) |                                          0
  [886410486.38, 1114344611.50) |                                          0
  [1114344611.50, 1342278736.62) |                                          0
  [1342278736.62, 1570212861.75) |                                          0
  [1570212861.75, 1798146986.88) |                                          0
  [1798146986.88, 2026081112.00) | #############                            9

role_pnl
  [    -90.34,     -72.09) | ########                                 2
  [    -72.09,     -53.84) | ################                         4
  [    -53.84,     -35.58) |                                          0
  [    -35.58,     -17.33) | ####################                     5
  [    -17.33,       0.92) | ############                             3
  [      0.92,      19.17) | ######################################## 10
  [     19.17,      37.43) | ############################             7
  [     37.43,      55.68) | ####################                     5

wallet_sum_pnl
  [     -0.00,      -0.00) | ##########                               3
  [     -0.00,      -0.00) | ####################                     6
  [     -0.00,      -0.00) | ######################################## 12
  [     -0.00,       0.00) | ##########                               3
  [      0.00,       0.00) |                                          0
  [      0.00,       0.00) | ####################                     6
  [      0.00,       0.00) | ##########                               3
  [      0.00,       0.00) | ##########                               3

realizedAbs
  [    155.14,     172.95) | #############                            3
  [    172.95,     190.76) | #############                            3
  [    190.76,     208.57) |                                          0
  [    208.57,     226.38) | #############                            3
  [    226.38,     244.20) | ##########################               6
  [    244.20,     262.01) | ######################################## 9
  [    262.01,     279.82) | #############                            3
  [    279.82,     297.63) | ######################################## 9

minSpot
  [      0.14,       0.14) | #############                            3
  [      0.14,       0.14) | ######################################## 9
  [      0.14,       0.14) | #############                            3
  [      0.14,       0.15) | ##########################               6
  [      0.15,       0.15) | ##########################               6
  [      0.15,       0.15) | #############                            3
  [      0.15,       0.15) |                                          0
  [      0.15,       0.16) | ##########################               6

maxSpot
  [      0.24,       0.25) | #############                            3
  [      0.25,       0.25) | #############                            3
  [      0.25,       0.25) | ##########################               6
  [      0.25,       0.26) | ######################################## 9
  [      0.26,       0.26) | ##########################               6
  [      0.26,       0.27) | ##########################               6
  [      0.27,       0.27) |                                          0
  [      0.27,       0.27) | #############                            3

minCurve
  [      0.13,       0.13) | ##########                               3
  [      0.13,       0.13) |                                          0
  [      0.13,       0.13) |                                          0
  [      0.13,       0.13) | ####################                     6
  [      0.13,       0.13) | ##########                               3
  [      0.13,       0.14) | ##############################           9
  [      0.14,       0.14) | ######################################## 12
  [      0.14,       0.14) | ##########                               3

maxCurve
  [      0.29,       0.29) | ##########################               6
  [      0.29,       0.29) |                                          0
  [      0.29,       0.29) | ######################################## 9
  [      0.29,       0.30) | ##########################               6
  [      0.30,       0.30) | ##########################               6
  [      0.30,       0.30) | #############                            3
  [      0.30,       0.30) | #############                            3
  [      0.30,       0.31) | #############                            3

rounds
  [     59.50,      59.62) |                                          0
  [     59.62,      59.75) |                                          0
  [     59.75,      59.88) |                                          0
  [     59.88,      60.00) |                                          0
  [     60.00,      60.12) | ######################################## 36
  [     60.12,      60.25) |                                          0
  [     60.25,      60.38) |                                          0
  [     60.38,      60.50) |                                          0

settlementLegs
  [     76.00,      76.88) | #############                            3
  [     76.88,      77.75) | #############                            3
  [     77.75,      78.62) | #############                            3
  [     78.62,      79.50) | ######################################## 9
  [     79.50,      80.38) | ##########################               6
  [     80.38,      81.25) | ##########################               6
  [     81.25,      82.12) | #############                            3
  [     82.12,      83.00) | #############                            3

x402Total
  [     -0.50,      -0.38) |                                          0
  [     -0.38,      -0.25) |                                          0
  [     -0.25,      -0.12) |                                          0
  [     -0.12,       0.00) |                                          0
  [      0.00,       0.12) | ######################################## 36
  [      0.12,       0.25) |                                          0
  [      0.25,       0.38) |                                          0
  [      0.38,       0.50) |                                          0

deniedWorkers
  [     -0.50,      -0.38) |                                          0
  [     -0.38,      -0.25) |                                          0
  [     -0.25,      -0.12) |                                          0
  [     -0.12,       0.00) |                                          0
  [      0.00,       0.12) | ######################################## 36
  [      0.12,       0.25) |                                          0
  [      0.25,       0.38) |                                          0
  [      0.38,       0.50) |                                          0

=== Descriptive Statistics — mode=spread ===
                count          mean           std           min            5%           25%           50%           75%           95%           max   skew   kurt
seed             36.0  6.584764e+08  8.007873e+08  2.026081e+08  2.026081e+08  2.026081e+08  2.026081e+08  6.584764e+08  2.026081e+09  2.026081e+09  1.206 -0.582
role_pnl         36.0 -4.679676e+02  8.723746e+03 -2.469621e+04 -1.352405e+04 -6.699435e+03  1.240550e+03  5.634514e+03  9.810883e+03  1.488140e+04 -0.647  0.193
wallet_sum_pnl   36.0 -7.887024e-13  6.971411e-12 -1.705303e-11 -1.705303e-11 -1.961098e-12 -1.136868e-13  4.000356e-12  7.730705e-12  7.730705e-12 -1.074  0.706
realizedAbs      36.0  4.924124e+04  1.196482e+04  3.429596e+04  3.429596e+04  4.163279e+04  4.622857e+04  5.309195e+04  7.264039e+04  7.264039e+04  0.790 -0.440
minSpot          36.0  4.323957e+01  1.551707e+00  3.977789e+01  3.977789e+01  4.245649e+01  4.342509e+01  4.457669e+01  4.505966e+01  4.505966e+01 -0.837  0.040
maxSpot          36.0  6.677694e+01  2.888292e+00  6.293201e+01  6.293201e+01  6.413533e+01  6.641456e+01  6.915317e+01  7.246247e+01  7.246247e+01  0.419 -0.879
minCurve         36.0  3.905338e+01  9.237565e-01  3.764550e+01  3.764550e+01  3.839425e+01  3.895750e+01  3.958825e+01  4.113100e+01  4.113100e+01  0.562  0.228
maxCurve         36.0  7.146446e+01  2.449524e+00  6.826000e+01  6.826000e+01  6.960188e+01  7.185350e+01  7.268212e+01  7.720950e+01  7.720950e+01  0.733  0.483
rounds           36.0  6.000000e+01  0.000000e+00  6.000000e+01  6.000000e+01  6.000000e+01  6.000000e+01  6.000000e+01  6.000000e+01  6.000000e+01  0.000  0.000
settlementLegs   36.0  7.983333e+01  1.843909e+00  7.600000e+01  7.600000e+01  7.900000e+01  8.050000e+01  8.100000e+01  8.200000e+01  8.200000e+01 -0.783 -0.341
x402Total        36.0  0.000000e+00  0.000000e+00  0.000000e+00  0.000000e+00  0.000000e+00  0.000000e+00  0.000000e+00  0.000000e+00  0.000000e+00  0.000  0.000
deniedWorkers    36.0  0.000000e+00  0.000000e+00  0.000000e+00  0.000000e+00  0.000000e+00  0.000000e+00  0.000000e+00  0.000000e+00  0.000000e+00  0.000  0.000

=== Histograms — mode=spread ===

seed
  [202608111.00, 430542236.12) | ######################################## 27
  [430542236.12, 658476361.25) |                                          0
  [658476361.25, 886410486.38) |                                          0
  [886410486.38, 1114344611.50) |                                          0
  [1114344611.50, 1342278736.62) |                                          0
  [1342278736.62, 1570212861.75) |                                          0
  [1570212861.75, 1798146986.88) |                                          0
  [1798146986.88, 2026081112.00) | #############                            9

role_pnl
  [ -24696.21,  -19749.01) | ####                                     1
  [ -19749.01,  -14801.81) | ####                                     1
  [ -14801.81,   -9854.61) | ################                         4
  [  -9854.61,   -4907.41) | ########################                 6
  [  -4907.41,      39.79) | ############                             3
  [     39.79,    4986.99) | ####################################     9
  [   4986.99,    9934.19) | ######################################## 10
  [   9934.19,   14881.40) | ########                                 2

wallet_sum_pnl
  [     -0.00,      -0.00) | ##########                               3
  [     -0.00,      -0.00) | ##########                               3
  [     -0.00,      -0.00) |                                          0
  [     -0.00,      -0.00) |                                          0
  [     -0.00,      -0.00) | ####################                     6
  [     -0.00,       0.00) | ######################################## 12
  [      0.00,       0.00) | ####################                     6
  [      0.00,       0.00) | ####################                     6

realizedAbs
  [  34295.96,   39089.02) | ####################                     6
  [  39089.02,   43882.07) | ####################                     6
  [  43882.07,   48675.12) | ######################################## 12
  [  48675.12,   53468.18) | ##########                               3
  [  53468.18,   58261.23) |                                          0
  [  58261.23,   63054.28) | ##########                               3
  [  63054.28,   67847.34) |                                          0
  [  67847.34,   72640.39) | ####################                     6

minSpot
  [     39.78,      40.44) | ##########                               3
  [     40.44,      41.10) |                                          0
  [     41.10,      41.76) | ##########                               3
  [     41.76,      42.42) | ##########                               3
  [     42.42,      43.08) | ##########                               3
  [     43.08,      43.74) | ######################################## 12
  [     43.74,      44.40) |                                          0
  [     44.40,      45.06) | ######################################## 12

maxSpot
  [     62.93,      64.12) | ######################################## 9
  [     64.12,      65.31) | #############                            3
  [     65.31,      66.51) | ##########################               6
  [     66.51,      67.70) | ##########################               6
  [     67.70,      68.89) |                                          0
  [     68.89,      70.08) | ######################################## 9
  [     70.08,      71.27) |                                          0
  [     71.27,      72.46) | #############                            3

minCurve
  [     37.65,      38.08) | ##############################           9
  [     38.08,      38.52) | ##########                               3
  [     38.52,      38.95) | ####################                     6
  [     38.95,      39.39) | ##########                               3
  [     39.39,      39.82) | ######################################## 12
  [     39.82,      40.26) |                                          0
  [     40.26,      40.70) |                                          0
  [     40.70,      41.13) | ##########                               3

maxCurve
  [     68.26,      69.38) | ######################################## 9
  [     69.38,      70.50) | ##########################               6
  [     70.50,      71.62) | #############                            3
  [     71.62,      72.73) | ######################################## 9
  [     72.73,      73.85) | ##########################               6
  [     73.85,      74.97) |                                          0
  [     74.97,      76.09) |                                          0
  [     76.09,      77.21) | #############                            3

rounds
  [     59.50,      59.62) |                                          0
  [     59.62,      59.75) |                                          0
  [     59.75,      59.88) |                                          0
  [     59.88,      60.00) |                                          0
  [     60.00,      60.12) | ######################################## 36
  [     60.12,      60.25) |                                          0
  [     60.25,      60.38) |                                          0
  [     60.38,      60.50) |                                          0

settlementLegs
  [     76.00,      76.75) | ##########                               3
  [     76.75,      77.50) | ##########                               3
  [     77.50,      78.25) |                                          0
  [     78.25,      79.00) |                                          0
  [     79.00,      79.75) | ##############################           9
  [     79.75,      80.50) | ##########                               3
  [     80.50,      81.25) | ######################################## 12
  [     81.25,      82.00) | ####################                     6

x402Total
  [     -0.50,      -0.38) |                                          0
  [     -0.38,      -0.25) |                                          0
  [     -0.25,      -0.12) |                                          0
  [     -0.12,       0.00) |                                          0
  [      0.00,       0.12) | ######################################## 36
  [      0.12,       0.25) |                                          0
  [      0.25,       0.38) |                                          0
  [      0.38,       0.50) |                                          0

deniedWorkers
  [     -0.50,      -0.38) |                                          0
  [     -0.38,      -0.25) |                                          0
  [     -0.25,      -0.12) |                                          0
  [     -0.12,       0.00) |                                          0
  [      0.00,       0.12) | ######################################## 36
  [      0.12,       0.25) |                                          0
  [      0.25,       0.38) |                                          0
  [      0.38,       0.50) |                                          0

=== Descriptive Statistics — mode=synthetic ===
                count          mean           std           min            5%           25%           50%           75%           95%           max   skew   kurt
seed             36.0  6.584764e+08  8.007873e+08  2.026081e+08  2.026081e+08  2.026081e+08  2.026081e+08  6.584764e+08  2.026081e+09  2.026081e+09  1.206 -0.582
role_pnl         36.0 -6.958174e-01  1.215866e+01 -2.913232e+01 -2.196552e+01 -7.527094e+00  1.860919e+00  8.838422e+00  1.465877e+01  1.586951e+01 -0.689 -0.262
wallet_sum_pnl   36.0  3.760880e-15  1.189409e-14 -1.287859e-14 -1.287859e-14 -5.329071e-15  4.149459e-15  1.249001e-14  2.398082e-14  2.398082e-14  0.085 -1.118
realizedAbs      36.0  7.956862e+01  1.363740e+01  5.452386e+01  5.452386e+01  7.144993e+01  8.177177e+01  9.227002e+01  9.626608e+01  9.626608e+01 -0.432 -0.945
minSpot          36.0  4.833304e-02  2.076146e-03  4.512426e-02  4.512426e-02  4.653321e-02  4.821746e-02  4.953748e-02  5.197483e-02  5.197483e-02  0.241 -0.967
maxSpot          36.0  8.497368e-02  2.593328e-03  8.010848e-02  8.010848e-02  8.375844e-02  8.465396e-02  8.604896e-02  9.064510e-02  9.064510e-02  0.361  0.560
minCurve         36.0  4.445833e-02  9.363684e-04  4.200000e-02  4.200000e-02  4.437500e-02  4.450000e-02  4.500000e-02  4.550000e-02  4.550000e-02 -1.448  2.022
maxCurve         36.0  9.808333e-02  1.861259e-03  9.500000e-02  9.500000e-02  9.687500e-02  9.800000e-02  9.912500e-02  1.015000e-01  1.015000e-01  0.083 -0.581
rounds           36.0  6.000000e+01  0.000000e+00  6.000000e+01  6.000000e+01  6.000000e+01  6.000000e+01  6.000000e+01  6.000000e+01  6.000000e+01  0.000  0.000
settlementLegs   36.0  8.008333e+01  2.089087e+00  7.700000e+01  7.700000e+01  7.875000e+01  8.050000e+01  8.125000e+01  8.400000e+01  8.400000e+01  0.062 -0.782
x402Total        36.0  0.000000e+00  0.000000e+00  0.000000e+00  0.000000e+00  0.000000e+00  0.000000e+00  0.000000e+00  0.000000e+00  0.000000e+00  0.000  0.000
deniedWorkers    36.0  0.000000e+00  0.000000e+00  0.000000e+00  0.000000e+00  0.000000e+00  0.000000e+00  0.000000e+00  0.000000e+00  0.000000e+00  0.000  0.000

=== Histograms — mode=synthetic ===

seed
  [202608111.00, 430542236.12) | ######################################## 27
  [430542236.12, 658476361.25) |                                          0
  [658476361.25, 886410486.38) |                                          0
  [886410486.38, 1114344611.50) |                                          0
  [1114344611.50, 1342278736.62) |                                          0
  [1342278736.62, 1570212861.75) |                                          0
  [1570212861.75, 1798146986.88) |                                          0
  [1798146986.88, 2026081112.00) | #############                            9

role_pnl
  [    -29.13,     -23.51) | ##########                               2
  [    -23.51,     -17.88) | ###############                          3
  [    -17.88,     -12.26) | #####                                    1
  [    -12.26,      -6.63) | #########################                5
  [     -6.63,      -1.01) | ####################                     4
  [     -1.01,       4.62) | ######################################## 8
  [      4.62,      10.24) | ##############################           6
  [     10.24,      15.87) | ###################################      7

wallet_sum_pnl
  [     -0.00,      -0.00) | ######################################## 9
  [     -0.00,      -0.00) | #############                            3
  [     -0.00,       0.00) | #############                            3
  [      0.00,       0.00) | #############                            3
  [      0.00,       0.00) | ##########################               6
  [      0.00,       0.00) | ##########################               6
  [      0.00,       0.00) | #############                            3
  [      0.00,       0.00) | #############                            3

realizedAbs
  [     54.52,      59.74) | ####################                     6
  [     59.74,      64.96) |                                          0
  [     64.96,      70.18) | ##########                               3
  [     70.18,      75.39) | ##########                               3
  [     75.39,      80.61) | ####################                     6
  [     80.61,      85.83) | ####################                     6
  [     85.83,      91.05) |                                          0
  [     91.05,      96.27) | ######################################## 12

minSpot
  [      0.05,       0.05) | #############                            3
  [      0.05,       0.05) | ######################################## 9
  [      0.05,       0.05) | #############                            3
  [      0.05,       0.05) | ##########################               6
  [      0.05,       0.05) | ##########################               6
  [      0.05,       0.05) | #############                            3
  [      0.05,       0.05) |                                          0
  [      0.05,       0.05) | ##########################               6

maxSpot
  [      0.08,       0.08) | #############                            3
  [      0.08,       0.08) | #############                            3
  [      0.08,       0.08) | ##########################               6
  [      0.08,       0.09) | ######################################## 9
  [      0.09,       0.09) | ##########################               6
  [      0.09,       0.09) | ##########################               6
  [      0.09,       0.09) |                                          0
  [      0.09,       0.09) | #############                            3

minCurve
  [      0.04,       0.04) | ##########                               3
  [      0.04,       0.04) |                                          0
  [      0.04,       0.04) |                                          0
  [      0.04,       0.04) | ##########                               3
  [      0.04,       0.04) | ##########                               3
  [      0.04,       0.04) | ######################################## 12
  [      0.04,       0.05) | ##############################           9
  [      0.05,       0.05) | ####################                     6

maxCurve
  [      0.10,       0.10) | ##########################               6
  [      0.10,       0.10) | #############                            3
  [      0.10,       0.10) | #############                            3
  [      0.10,       0.10) | ######################################## 9
  [      0.10,       0.10) | ##########################               6
  [      0.10,       0.10) | #############                            3
  [      0.10,       0.10) | #############                            3
  [      0.10,       0.10) | #############                            3

rounds
  [     59.50,      59.62) |                                          0
  [     59.62,      59.75) |                                          0
  [     59.75,      59.88) |                                          0
  [     59.88,      60.00) |                                          0
  [     60.00,      60.12) | ######################################## 36
  [     60.12,      60.25) |                                          0
  [     60.25,      60.38) |                                          0
  [     60.38,      60.50) |                                          0

settlementLegs
  [     77.00,      77.88) | ##########################               6
  [     77.88,      78.75) | #############                            3
  [     78.75,      79.62) | ##########################               6
  [     79.62,      80.50) | #############                            3
  [     80.50,      81.38) | ######################################## 9
  [     81.38,      82.25) | ##########################               6
  [     82.25,      83.12) |                                          0
  [     83.12,      84.00) | #############                            3

x402Total
  [     -0.50,      -0.38) |                                          0
  [     -0.38,      -0.25) |                                          0
  [     -0.25,      -0.12) |                                          0
  [     -0.12,       0.00) |                                          0
  [      0.00,       0.12) | ######################################## 36
  [      0.12,       0.25) |                                          0
  [      0.25,       0.38) |                                          0
  [      0.38,       0.50) |                                          0

deniedWorkers
  [     -0.50,      -0.38) |                                          0
  [     -0.38,      -0.25) |                                          0
  [     -0.25,      -0.12) |                                          0
  [     -0.12,       0.00) |                                          0
  [      0.00,       0.12) | ######################################## 36
  [      0.12,       0.25) |                                          0
  [      0.25,       0.38) |                                          0
  [      0.38,       0.50) |                                          0

=== Descriptive Statistics — mode=x402 ===
                count          mean           std           min            5%           25%           50%           75%           95%           max   skew   kurt
seed             36.0  6.584764e+08  8.007873e+08  2.026081e+08  2.026081e+08  2.026081e+08  2.026081e+08  6.584764e+08  2.026081e+09  2.026081e+09  1.206 -0.582
role_pnl         36.0 -6.958174e-01  1.215866e+01 -2.913232e+01 -2.196552e+01 -7.527094e+00  1.860919e+00  8.838422e+00  1.465877e+01  1.586951e+01 -0.689 -0.262
wallet_sum_pnl   36.0  3.760880e-15  1.189409e-14 -1.287859e-14 -1.287859e-14 -5.329071e-15  4.149459e-15  1.249001e-14  2.398082e-14  2.398082e-14  0.085 -1.118
realizedAbs      36.0  7.956862e+01  1.363740e+01  5.452386e+01  5.452386e+01  7.144993e+01  8.177177e+01  9.227002e+01  9.626608e+01  9.626608e+01 -0.432 -0.945
minSpot          36.0  4.833304e-02  2.076146e-03  4.512426e-02  4.512426e-02  4.653321e-02  4.821746e-02  4.953748e-02  5.197483e-02  5.197483e-02  0.241 -0.967
maxSpot          36.0  8.497368e-02  2.593328e-03  8.010848e-02  8.010848e-02  8.375844e-02  8.465396e-02  8.604896e-02  9.064510e-02  9.064510e-02  0.361  0.560
minCurve         36.0  4.445833e-02  9.363684e-04  4.200000e-02  4.200000e-02  4.437500e-02  4.450000e-02  4.500000e-02  4.550000e-02  4.550000e-02 -1.448  2.022
maxCurve         36.0  9.808333e-02  1.861259e-03  9.500000e-02  9.500000e-02  9.687500e-02  9.800000e-02  9.912500e-02  1.015000e-01  1.015000e-01  0.083 -0.581
rounds           36.0  6.000000e+01  0.000000e+00  6.000000e+01  6.000000e+01  6.000000e+01  6.000000e+01  6.000000e+01  6.000000e+01  6.000000e+01  0.000  0.000
settlementLegs   36.0  8.008333e+01  2.089087e+00  7.700000e+01  7.700000e+01  7.875000e+01  8.050000e+01  8.125000e+01  8.400000e+01  8.400000e+01  0.062 -0.782
x402Total        36.0  3.225685e+02  3.953698e+01  2.741012e+02  2.741012e+02  3.015363e+02  3.090443e+02  3.402913e+02  4.256123e+02  4.256123e+02  1.403  1.850
deniedWorkers    36.0  0.000000e+00  0.000000e+00  0.000000e+00  0.000000e+00  0.000000e+00  0.000000e+00  0.000000e+00  0.000000e+00  0.000000e+00  0.000  0.000

=== Histograms — mode=x402 ===

seed
  [202608111.00, 430542236.12) | ######################################## 27
  [430542236.12, 658476361.25) |                                          0
  [658476361.25, 886410486.38) |                                          0
  [886410486.38, 1114344611.50) |                                          0
  [1114344611.50, 1342278736.62) |                                          0
  [1342278736.62, 1570212861.75) |                                          0
  [1570212861.75, 1798146986.88) |                                          0
  [1798146986.88, 2026081112.00) | #############                            9

role_pnl
  [    -29.13,     -23.51) | ##########                               2
  [    -23.51,     -17.88) | ###############                          3
  [    -17.88,     -12.26) | #####                                    1
  [    -12.26,      -6.63) | #########################                5
  [     -6.63,      -1.01) | ####################                     4
  [     -1.01,       4.62) | ######################################## 8
  [      4.62,      10.24) | ##############################           6
  [     10.24,      15.87) | ###################################      7

wallet_sum_pnl
  [     -0.00,      -0.00) | ######################################## 9
  [     -0.00,      -0.00) | #############                            3
  [     -0.00,       0.00) | #############                            3
  [      0.00,       0.00) | #############                            3
  [      0.00,       0.00) | ##########################               6
  [      0.00,       0.00) | ##########################               6
  [      0.00,       0.00) | #############                            3
  [      0.00,       0.00) | #############                            3

realizedAbs
  [     54.52,      59.74) | ####################                     6
  [     59.74,      64.96) |                                          0
  [     64.96,      70.18) | ##########                               3
  [     70.18,      75.39) | ##########                               3
  [     75.39,      80.61) | ####################                     6
  [     80.61,      85.83) | ####################                     6
  [     85.83,      91.05) |                                          0
  [     91.05,      96.27) | ######################################## 12

minSpot
  [      0.05,       0.05) | #############                            3
  [      0.05,       0.05) | ######################################## 9
  [      0.05,       0.05) | #############                            3
  [      0.05,       0.05) | ##########################               6
  [      0.05,       0.05) | ##########################               6
  [      0.05,       0.05) | #############                            3
  [      0.05,       0.05) |                                          0
  [      0.05,       0.05) | ##########################               6

maxSpot
  [      0.08,       0.08) | #############                            3
  [      0.08,       0.08) | #############                            3
  [      0.08,       0.08) | ##########################               6
  [      0.08,       0.09) | ######################################## 9
  [      0.09,       0.09) | ##########################               6
  [      0.09,       0.09) | ##########################               6
  [      0.09,       0.09) |                                          0
  [      0.09,       0.09) | #############                            3

minCurve
  [      0.04,       0.04) | ##########                               3
  [      0.04,       0.04) |                                          0
  [      0.04,       0.04) |                                          0
  [      0.04,       0.04) | ##########                               3
  [      0.04,       0.04) | ##########                               3
  [      0.04,       0.04) | ######################################## 12
  [      0.04,       0.05) | ##############################           9
  [      0.05,       0.05) | ####################                     6

maxCurve
  [      0.10,       0.10) | ##########################               6
  [      0.10,       0.10) | #############                            3
  [      0.10,       0.10) | #############                            3
  [      0.10,       0.10) | ######################################## 9
  [      0.10,       0.10) | ##########################               6
  [      0.10,       0.10) | #############                            3
  [      0.10,       0.10) | #############                            3
  [      0.10,       0.10) | #############                            3

rounds
  [     59.50,      59.62) |                                          0
  [     59.62,      59.75) |                                          0
  [     59.75,      59.88) |                                          0
  [     59.88,      60.00) |                                          0
  [     60.00,      60.12) | ######################################## 36
  [     60.12,      60.25) |                                          0
  [     60.25,      60.38) |                                          0
  [     60.38,      60.50) |                                          0

settlementLegs
  [     77.00,      77.88) | ##########################               6
  [     77.88,      78.75) | #############                            3
  [     78.75,      79.62) | ##########################               6
  [     79.62,      80.50) | #############                            3
  [     80.50,      81.38) | ######################################## 9
  [     81.38,      82.25) | ##########################               6
  [     82.25,      83.12) |                                          0
  [     83.12,      84.00) | #############                            3

x402Total
  [    274.10,     293.04) | ####################                     6
  [    293.04,     311.98) | ######################################## 12
  [    311.98,     330.92) | ####################                     6
  [    330.92,     349.86) | ##########                               3
  [    349.86,     368.80) | ####################                     6
  [    368.80,     387.73) |                                          0
  [    387.73,     406.67) |                                          0
  [    406.67,     425.61) | ##########                               3

deniedWorkers
  [     -0.50,      -0.38) |                                          0
  [     -0.38,      -0.25) |                                          0
  [     -0.25,      -0.12) |                                          0
  [     -0.12,       0.00) |                                          0
  [      0.00,       0.12) | ######################################## 36
  [      0.12,       0.25) |                                          0
  [      0.25,       0.38) |                                          0
  [      0.38,       0.50) |                                          0


Stats saved to out/programmatic-eda/compute-futures-2026-08-11/distributions_by_mode.csv
