=== Descriptive Statistics — mode=basket ===
                count          mean           std           min            5%           25%           50%           75%           95%           max   skew   kurt
seed             36.0  6.584733e+08  8.007836e+08  2.026072e+08  2.026072e+08  2.026072e+08  2.026072e+08  6.584733e+08  2.026072e+09  2.026072e+09  1.206 -0.582
role_pnl         36.0 -7.403636e-01  2.345644e+01 -4.950989e+01 -3.585548e+01 -1.296344e+01 -2.101980e+00  1.146004e+01  3.956519e+01  4.560446e+01  0.134 -0.290
wallet_sum_pnl   36.0  3.178013e-15  2.526907e-14 -3.924638e-14 -3.924638e-14 -1.126876e-14  1.104672e-14  2.001177e-14  4.574119e-14  4.574119e-14 -0.325 -0.795
realizedAbs      36.0  2.029117e+02  3.576307e+01  1.537443e+02  1.537443e+02  1.694555e+02  2.070387e+02  2.302007e+02  2.597930e+02  2.597930e+02  0.173 -1.372
minSpot          36.0  1.271562e-01  5.737250e-03  1.190858e-01  1.190858e-01  1.243898e-01  1.263897e-01  1.292397e-01  1.373065e-01  1.373065e-01  0.376 -0.688
maxSpot          36.0  2.190671e-01  9.210280e-03  2.054037e-01  2.054037e-01  2.135158e-01  2.167978e-01  2.225655e-01  2.401289e-01  2.401289e-01  0.870  0.376
minCurve         36.0  1.167083e-01  2.435966e-03  1.125000e-01  1.125000e-01  1.152500e-01  1.175000e-01  1.181250e-01  1.205000e-01  1.205000e-01 -0.330 -0.920
maxCurve         36.0  2.564583e-01  4.547173e-03  2.465000e-01  2.465000e-01  2.541250e-01  2.575000e-01  2.586250e-01  2.640000e-01  2.640000e-01 -0.513  0.256
rounds           36.0  6.000000e+01  0.000000e+00  6.000000e+01  6.000000e+01  6.000000e+01  6.000000e+01  6.000000e+01  6.000000e+01  6.000000e+01  0.000  0.000
settlementLegs   36.0  7.975000e+01  1.180194e+00  7.700000e+01  7.700000e+01  7.900000e+01  8.000000e+01  8.000000e+01  8.200000e+01  8.200000e+01 -0.476  1.248
x402Total        36.0  0.000000e+00  0.000000e+00  0.000000e+00  0.000000e+00  0.000000e+00  0.000000e+00  0.000000e+00  0.000000e+00  0.000000e+00  0.000  0.000
deniedWorkers    36.0  0.000000e+00  0.000000e+00  0.000000e+00  0.000000e+00  0.000000e+00  0.000000e+00  0.000000e+00  0.000000e+00  0.000000e+00  0.000  0.000

=== Histograms — mode=basket ===

seed
  [202607161.00, 430540217.38) | ######################################## 27
  [430540217.38, 658473273.75) |                                          0
  [658473273.75, 886406330.12) |                                          0
  [886406330.12, 1114339386.50) |                                          0
  [1114339386.50, 1342272442.88) |                                          0
  [1342272442.88, 1570205499.25) |                                          0
  [1570205499.25, 1798138555.62) |                                          0
  [1798138555.62, 2026071612.00) | #############                            9

role_pnl
  [    -49.51,     -37.62) | #######                                  2
  [    -37.62,     -25.73) | ##########                               3
  [    -25.73,     -13.84) | ##########                               3
  [    -13.84,      -1.95) | ######################################## 11
  [     -1.95,       9.94) | #############################            8
  [      9.94,      21.83) | ###                                      1
  [     21.83,      33.72) | ##################                       5
  [     33.72,      45.60) | ##########                               3

wallet_sum_pnl
  [     -0.00,      -0.00) | ####################                     6
  [     -0.00,      -0.00) | ##########                               3
  [     -0.00,      -0.00) |                                          0
  [     -0.00,       0.00) | ####################                     6
  [      0.00,       0.00) | ##########                               3
  [      0.00,       0.00) | ######################################## 12
  [      0.00,       0.00) | ##########                               3
  [      0.00,       0.00) | ##########                               3

realizedAbs
  [    153.74,     167.00) | ##########################               6
  [    167.00,     180.26) | ######################################## 9
  [    180.26,     193.51) |                                          0
  [    193.51,     206.77) | #############                            3
  [    206.77,     220.02) | ##########################               6
  [    220.02,     233.28) | ##########################               6
  [    233.28,     246.54) |                                          0
  [    246.54,     259.79) | ##########################               6

minSpot
  [      0.12,       0.12) | ########################                 9
  [      0.12,       0.12) |                                          0
  [      0.12,       0.13) | ########                                 3
  [      0.13,       0.13) | ######################################## 15
  [      0.13,       0.13) |                                          0
  [      0.13,       0.13) |                                          0
  [      0.13,       0.14) | ########                                 3
  [      0.14,       0.14) | ################                         6

maxSpot
  [      0.21,       0.21) | ##########                               3
  [      0.21,       0.21) | ####################                     6
  [      0.21,       0.22) | ######################################## 12
  [      0.22,       0.22) | ####################                     6
  [      0.22,       0.23) |                                          0
  [      0.23,       0.23) | ####################                     6
  [      0.23,       0.24) |                                          0
  [      0.24,       0.24) | ##########                               3

minCurve
  [      0.11,       0.11) | ####################                     6
  [      0.11,       0.11) |                                          0
  [      0.11,       0.12) | ##########                               3
  [      0.12,       0.12) | ####################                     6
  [      0.12,       0.12) |                                          0
  [      0.12,       0.12) | ######################################## 12
  [      0.12,       0.12) | ##########                               3
  [      0.12,       0.12) | ####################                     6

maxCurve
  [      0.25,       0.25) | ########                                 3
  [      0.25,       0.25) |                                          0
  [      0.25,       0.25) | ################                         6
  [      0.25,       0.26) | ########                                 3
  [      0.26,       0.26) | ########                                 3
  [      0.26,       0.26) | ######################################## 15
  [      0.26,       0.26) |                                          0
  [      0.26,       0.26) | ################                         6

rounds
  [     59.50,      59.62) |                                          0
  [     59.62,      59.75) |                                          0
  [     59.75,      59.88) |                                          0
  [     59.88,      60.00) |                                          0
  [     60.00,      60.12) | ######################################## 36
  [     60.12,      60.25) |                                          0
  [     60.25,      60.38) |                                          0
  [     60.38,      60.50) |                                          0

settlementLegs
  [     77.00,      77.62) | ######                                   3
  [     77.62,      78.25) |                                          0
  [     78.25,      78.88) |                                          0
  [     78.88,      79.50) | ####################                     9
  [     79.50,      80.12) | ######################################## 18
  [     80.12,      80.75) |                                          0
  [     80.75,      81.38) | ######                                   3
  [     81.38,      82.00) | ######                                   3

x402Total
  [     -0.50,      -0.38) |                                          0
  [     -0.38,      -0.25) |                                          0
  [     -0.25,      -0.12) |                                          0
  [     -0.12,       0.00) |                                          0
  [      0.00,       0.12) | ######################################## 36
  [      0.12,       0.25) |                                          0
  [      0.25,       0.38) |                                          0
  [      0.38,       0.50) |                                          0

deniedWorkers
  [     -0.50,      -0.38) |                                          0
  [     -0.38,      -0.25) |                                          0
  [     -0.25,      -0.12) |                                          0
  [     -0.12,       0.00) |                                          0
  [      0.00,       0.12) | ######################################## 36
  [      0.12,       0.25) |                                          0
  [      0.25,       0.38) |                                          0
  [      0.38,       0.50) |                                          0

=== Descriptive Statistics — mode=spread ===
                count          mean           std           min            5%           25%           50%           75%           95%           max   skew   kurt
seed             36.0  6.584733e+08  8.007836e+08  2.026072e+08  2.026072e+08  2.026072e+08  2.026072e+08  6.584733e+08  2.026072e+09  2.026072e+09  1.206 -0.582
role_pnl         36.0 -6.274212e+02  9.697357e+03 -2.524216e+04 -1.777058e+04 -7.704406e+03  1.669769e+03  6.169723e+03  1.132382e+04  1.567765e+04 -0.724  0.025
wallet_sum_pnl   36.0 -8.052818e-13  3.221329e-12 -5.456968e-12 -5.456968e-12 -3.666401e-12 -6.821210e-13  1.364242e-12  5.911716e-12  5.911716e-12  0.445 -0.521
realizedAbs      36.0  5.104257e+04  1.167730e+04  3.379416e+04  3.379416e+04  4.069219e+04  5.384302e+04  5.648617e+04  7.484370e+04  7.484370e+04  0.152 -0.399
minSpot          36.0  4.224642e+01  1.691045e+00  3.947116e+01  3.947116e+01  4.082200e+01  4.275601e+01  4.347586e+01  4.509553e+01  4.509553e+01 -0.195 -1.036
maxSpot          36.0  6.732543e+01  3.207857e+00  6.315224e+01  6.315224e+01  6.493599e+01  6.667404e+01  6.877472e+01  7.311406e+01  7.311406e+01  0.618 -0.751
minCurve         36.0  3.913175e+01  1.314540e+00  3.676550e+01  3.676550e+01  3.793238e+01  3.982275e+01  4.007637e+01  4.048950e+01  4.048950e+01 -0.763 -1.080
maxCurve         36.0  7.123594e+01  1.662402e+00  6.824400e+01  6.824400e+01  6.998913e+01  7.144275e+01  7.245112e+01  7.396300e+01  7.396300e+01 -0.213 -0.880
rounds           36.0  6.000000e+01  0.000000e+00  6.000000e+01  6.000000e+01  6.000000e+01  6.000000e+01  6.000000e+01  6.000000e+01  6.000000e+01  0.000  0.000
settlementLegs   36.0  7.925000e+01  1.947526e+00  7.600000e+01  7.600000e+01  7.800000e+01  7.900000e+01  8.050000e+01  8.200000e+01  8.200000e+01  0.143 -1.035
x402Total        36.0  0.000000e+00  0.000000e+00  0.000000e+00  0.000000e+00  0.000000e+00  0.000000e+00  0.000000e+00  0.000000e+00  0.000000e+00  0.000  0.000
deniedWorkers    36.0  0.000000e+00  0.000000e+00  0.000000e+00  0.000000e+00  0.000000e+00  0.000000e+00  0.000000e+00  0.000000e+00  0.000000e+00  0.000  0.000

=== Histograms — mode=spread ===

seed
  [202607161.00, 430540217.38) | ######################################## 27
  [430540217.38, 658473273.75) |                                          0
  [658473273.75, 886406330.12) |                                          0
  [886406330.12, 1114339386.50) |                                          0
  [1114339386.50, 1342272442.88) |                                          0
  [1342272442.88, 1570205499.25) |                                          0
  [1570205499.25, 1798138555.62) |                                          0
  [1798138555.62, 2026071612.00) | #############                            9

role_pnl
  [ -25242.16,  -20127.18) | ########                                 2
  [ -20127.18,  -15012.21) | ########                                 2
  [ -15012.21,   -9897.23) | ########                                 2
  [  -9897.23,   -4782.25) | ################                         4
  [  -4782.25,     332.72) | ####################                     5
  [    332.72,    5447.70) | ######################################## 10
  [   5447.70,   10562.67) | ################################         8
  [  10562.67,   15677.65) | ############                             3

wallet_sum_pnl
  [     -0.00,      -0.00) | ####################                     6
  [     -0.00,      -0.00) | ##############################           9
  [     -0.00,      -0.00) | ##########                               3
  [     -0.00,       0.00) |                                          0
  [      0.00,       0.00) | ######################################## 12
  [      0.00,       0.00) | ##########                               3
  [      0.00,       0.00) |                                          0
  [      0.00,       0.00) | ##########                               3

realizedAbs
  [  33794.16,   38925.35) | ######################################## 9
  [  38925.35,   44056.54) | #############                            3
  [  44056.54,   49187.74) |                                          0
  [  49187.74,   54318.93) | ##########################               6
  [  54318.93,   59450.12) | ######################################## 9
  [  59450.12,   64581.31) | ##########################               6
  [  64581.31,   69712.50) |                                          0
  [  69712.50,   74843.70) | #############                            3

minSpot
  [     39.47,      40.17) | ##########################               6
  [     40.17,      40.88) | #############                            3
  [     40.88,      41.58) | #############                            3
  [     41.58,      42.28) | #############                            3
  [     42.28,      42.99) | ##########################               6
  [     42.99,      43.69) | ######################################## 9
  [     43.69,      44.39) | #############                            3
  [     44.39,      45.10) | #############                            3

maxSpot
  [     63.15,      64.40) | ######################################## 9
  [     64.40,      65.64) | ##########################               6
  [     65.64,      66.89) | ##########################               6
  [     66.89,      68.13) |                                          0
  [     68.13,      69.38) | ##########################               6
  [     69.38,      70.62) | #############                            3
  [     70.62,      71.87) |                                          0
  [     71.87,      73.11) | ##########################               6

minCurve
  [     36.77,      37.23) | ####################                     6
  [     37.23,      37.70) |                                          0
  [     37.70,      38.16) | ####################                     6
  [     38.16,      38.63) |                                          0
  [     38.63,      39.09) |                                          0
  [     39.09,      39.56) | ##########                               3
  [     39.56,      40.02) | ######################################## 12
  [     40.02,      40.49) | ##############################           9

maxCurve
  [     68.24,      68.96) | ####################                     3
  [     68.96,      69.67) | ####################                     3
  [     69.67,      70.39) | ######################################## 6
  [     70.39,      71.10) | ####################                     3
  [     71.10,      71.82) | ######################################## 6
  [     71.82,      72.53) | ######################################## 6
  [     72.53,      73.25) | ######################################## 6
  [     73.25,      73.96) | ####################                     3

rounds
  [     59.50,      59.62) |                                          0
  [     59.62,      59.75) |                                          0
  [     59.75,      59.88) |                                          0
  [     59.88,      60.00) |                                          0
  [     60.00,      60.12) | ######################################## 36
  [     60.12,      60.25) |                                          0
  [     60.25,      60.38) |                                          0
  [     60.38,      60.50) |                                          0

settlementLegs
  [     76.00,      76.75) | #############                            3
  [     76.75,      77.50) | #############                            3
  [     77.50,      78.25) | ######################################## 9
  [     78.25,      79.00) |                                          0
  [     79.00,      79.75) | ##########################               6
  [     79.75,      80.50) | ##########################               6
  [     80.50,      81.25) |                                          0
  [     81.25,      82.00) | ######################################## 9

x402Total
  [     -0.50,      -0.38) |                                          0
  [     -0.38,      -0.25) |                                          0
  [     -0.25,      -0.12) |                                          0
  [     -0.12,       0.00) |                                          0
  [      0.00,       0.12) | ######################################## 36
  [      0.12,       0.25) |                                          0
  [      0.25,       0.38) |                                          0
  [      0.38,       0.50) |                                          0

deniedWorkers
  [     -0.50,      -0.38) |                                          0
  [     -0.38,      -0.25) |                                          0
  [     -0.25,      -0.12) |                                          0
  [     -0.12,       0.00) |                                          0
  [      0.00,       0.12) | ######################################## 36
  [      0.12,       0.25) |                                          0
  [      0.25,       0.38) |                                          0
  [      0.38,       0.50) |                                          0

=== Descriptive Statistics — mode=synthetic ===
                count          mean           std           min            5%           25%           50%           75%           95%           max   skew   kurt
seed             36.0  6.584733e+08  8.007836e+08  2.026072e+08  2.026072e+08  2.026072e+08  2.026072e+08  6.584733e+08  2.026072e+09  2.026072e+09  1.206 -0.582
role_pnl         36.0 -3.993520e-01  7.611028e+00 -1.939749e+01 -1.208157e+01 -4.077450e+00 -4.862312e-01  5.140323e+00  1.196696e+01  1.477808e+01 -0.239  0.558
wallet_sum_pnl   36.0 -2.169561e-15  1.111631e-14 -2.453593e-14 -2.453593e-14 -5.856426e-15 -4.551914e-15  2.775558e-16  2.292611e-14  2.292611e-14  0.429  1.248
realizedAbs      36.0  7.283421e+01  1.418448e+01  5.601469e+01  5.601469e+01  6.161299e+01  7.118946e+01  8.102539e+01  9.772290e+01  9.772290e+01  0.496 -1.046
minSpot          36.0  4.844045e-02  2.185619e-03  4.536603e-02  4.536603e-02  4.738660e-02  4.814845e-02  4.923417e-02  5.230723e-02  5.230723e-02  0.376 -0.688
maxSpot          36.0  8.345412e-02  3.508678e-03  7.824904e-02  7.824904e-02  8.133935e-02  8.258962e-02  8.478686e-02  9.147769e-02  9.147769e-02  0.870  0.376
minCurve         36.0  4.466667e-02  8.366600e-04  4.350000e-02  4.350000e-02  4.400000e-02  4.450000e-02  4.512500e-02  4.600000e-02  4.600000e-02  0.250 -1.005
maxCurve         36.0  9.770833e-02  2.165888e-03  9.200000e-02  9.200000e-02  9.687500e-02  9.825000e-02  9.850000e-02  1.010000e-01  1.010000e-01 -1.252  2.333
rounds           36.0  6.000000e+01  0.000000e+00  6.000000e+01  6.000000e+01  6.000000e+01  6.000000e+01  6.000000e+01  6.000000e+01  6.000000e+01  0.000  0.000
settlementLegs   36.0  8.008333e+01  2.169595e+00  7.600000e+01  7.600000e+01  7.900000e+01  7.950000e+01  8.125000e+01  8.400000e+01  8.400000e+01  0.100 -0.405
x402Total        36.0  0.000000e+00  0.000000e+00  0.000000e+00  0.000000e+00  0.000000e+00  0.000000e+00  0.000000e+00  0.000000e+00  0.000000e+00  0.000  0.000
deniedWorkers    36.0  0.000000e+00  0.000000e+00  0.000000e+00  0.000000e+00  0.000000e+00  0.000000e+00  0.000000e+00  0.000000e+00  0.000000e+00  0.000  0.000

=== Histograms — mode=synthetic ===

seed
  [202607161.00, 430540217.38) | ######################################## 27
  [430540217.38, 658473273.75) |                                          0
  [658473273.75, 886406330.12) |                                          0
  [886406330.12, 1114339386.50) |                                          0
  [1114339386.50, 1342272442.88) |                                          0
  [1342272442.88, 1570205499.25) |                                          0
  [1570205499.25, 1798138555.62) |                                          0
  [1798138555.62, 2026071612.00) | #############                            9

role_pnl
  [    -19.40,     -15.13) | ########                                 2
  [    -15.13,     -10.85) |                                          0
  [    -10.85,      -6.58) | ######################                   5
  [     -6.58,      -2.31) | ######################################## 9
  [     -2.31,       1.96) | ######################################## 9
  [      1.96,       6.23) | ######################                   5
  [      6.23,      10.51) | #############                            3
  [     10.51,      14.78) | #############                            3

wallet_sum_pnl
  [     -0.00,      -0.00) | #####                                    3
  [     -0.00,      -0.00) |                                          0
  [     -0.00,      -0.00) | #####                                    3
  [     -0.00,      -0.00) | ######################################## 21
  [     -0.00,       0.00) | #####                                    3
  [      0.00,       0.00) | #####                                    3
  [      0.00,       0.00) |                                          0
  [      0.00,       0.00) | #####                                    3

realizedAbs
  [     56.01,      61.23) | ######################################## 9
  [     61.23,      66.44) | ##########################               6
  [     66.44,      71.66) | #############                            3
  [     71.66,      76.87) | ##########################               6
  [     76.87,      82.08) | #############                            3
  [     82.08,      87.30) |                                          0
  [     87.30,      92.51) | #############                            3
  [     92.51,      97.72) | ##########################               6

minSpot
  [      0.05,       0.05) | ########################                 9
  [      0.05,       0.05) |                                          0
  [      0.05,       0.05) | ########                                 3
  [      0.05,       0.05) | ######################################## 15
  [      0.05,       0.05) |                                          0
  [      0.05,       0.05) |                                          0
  [      0.05,       0.05) | ########                                 3
  [      0.05,       0.05) | ################                         6

maxSpot
  [      0.08,       0.08) | ##########                               3
  [      0.08,       0.08) | ####################                     6
  [      0.08,       0.08) | ######################################## 12
  [      0.08,       0.08) | ####################                     6
  [      0.08,       0.09) |                                          0
  [      0.09,       0.09) | ####################                     6
  [      0.09,       0.09) |                                          0
  [      0.09,       0.09) | ##########                               3

minCurve
  [      0.04,       0.04) | ##########################               6
  [      0.04,       0.04) | ##########################               6
  [      0.04,       0.04) |                                          0
  [      0.04,       0.04) | ######################################## 9
  [      0.04,       0.05) | ##########################               6
  [      0.05,       0.05) |                                          0
  [      0.05,       0.05) | #############                            3
  [      0.05,       0.05) | ##########################               6

maxCurve
  [      0.09,       0.09) | ########                                 3
  [      0.09,       0.09) |                                          0
  [      0.09,       0.10) |                                          0
  [      0.10,       0.10) |                                          0
  [      0.10,       0.10) | ################################         12
  [      0.10,       0.10) | ######################################## 15
  [      0.10,       0.10) |                                          0
  [      0.10,       0.10) | ################                         6

rounds
  [     59.50,      59.62) |                                          0
  [     59.62,      59.75) |                                          0
  [     59.75,      59.88) |                                          0
  [     59.88,      60.00) |                                          0
  [     60.00,      60.12) | ######################################## 36
  [     60.12,      60.25) |                                          0
  [     60.25,      60.38) |                                          0
  [     60.38,      60.50) |                                          0

settlementLegs
  [     76.00,      77.00) | ##########                               3
  [     77.00,      78.00) |                                          0
  [     78.00,      79.00) | ##########                               3
  [     79.00,      80.00) | ######################################## 12
  [     80.00,      81.00) | ##########                               3
  [     81.00,      82.00) | ####################                     6
  [     82.00,      83.00) | ##########                               3
  [     83.00,      84.00) | ####################                     6

x402Total
  [     -0.50,      -0.38) |                                          0
  [     -0.38,      -0.25) |                                          0
  [     -0.25,      -0.12) |                                          0
  [     -0.12,       0.00) |                                          0
  [      0.00,       0.12) | ######################################## 36
  [      0.12,       0.25) |                                          0
  [      0.25,       0.38) |                                          0
  [      0.38,       0.50) |                                          0

deniedWorkers
  [     -0.50,      -0.38) |                                          0
  [     -0.38,      -0.25) |                                          0
  [     -0.25,      -0.12) |                                          0
  [     -0.12,       0.00) |                                          0
  [      0.00,       0.12) | ######################################## 36
  [      0.12,       0.25) |                                          0
  [      0.25,       0.38) |                                          0
  [      0.38,       0.50) |                                          0

=== Descriptive Statistics — mode=x402 ===
                count          mean           std           min            5%           25%           50%           75%           95%           max   skew   kurt
seed             36.0  6.584733e+08  8.007836e+08  2.026072e+08  2.026072e+08  2.026072e+08  2.026072e+08  6.584733e+08  2.026072e+09  2.026072e+09  1.206 -0.582
role_pnl         36.0 -3.993520e-01  7.611028e+00 -1.939749e+01 -1.208157e+01 -4.077450e+00 -4.862312e-01  5.140323e+00  1.196696e+01  1.477808e+01 -0.239  0.558
wallet_sum_pnl   36.0 -2.169561e-15  1.111631e-14 -2.453593e-14 -2.453593e-14 -5.856426e-15 -4.551914e-15  2.775558e-16  2.292611e-14  2.292611e-14  0.429  1.248
realizedAbs      36.0  7.283421e+01  1.418448e+01  5.601469e+01  5.601469e+01  6.161299e+01  7.118946e+01  8.102539e+01  9.772290e+01  9.772290e+01  0.496 -1.046
minSpot          36.0  4.844045e-02  2.185619e-03  4.536603e-02  4.536603e-02  4.738660e-02  4.814845e-02  4.923417e-02  5.230723e-02  5.230723e-02  0.376 -0.688
maxSpot          36.0  8.345412e-02  3.508678e-03  7.824904e-02  7.824904e-02  8.133935e-02  8.258962e-02  8.478686e-02  9.147769e-02  9.147769e-02  0.870  0.376
minCurve         36.0  4.466667e-02  8.366600e-04  4.350000e-02  4.350000e-02  4.400000e-02  4.450000e-02  4.512500e-02  4.600000e-02  4.600000e-02  0.250 -1.005
maxCurve         36.0  9.770833e-02  2.165888e-03  9.200000e-02  9.200000e-02  9.687500e-02  9.825000e-02  9.850000e-02  1.010000e-01  1.010000e-01 -1.252  2.333
rounds           36.0  6.000000e+01  0.000000e+00  6.000000e+01  6.000000e+01  6.000000e+01  6.000000e+01  6.000000e+01  6.000000e+01  6.000000e+01  0.000  0.000
settlementLegs   36.0  8.008333e+01  2.169595e+00  7.600000e+01  7.600000e+01  7.900000e+01  7.950000e+01  8.125000e+01  8.400000e+01  8.400000e+01  0.100 -0.405
x402Total        36.0  3.189284e+02  2.595234e+01  2.848208e+02  2.848208e+02  2.912599e+02  3.210897e+02  3.402633e+02  3.612065e+02  3.612065e+02  0.073 -1.466
deniedWorkers    36.0  0.000000e+00  0.000000e+00  0.000000e+00  0.000000e+00  0.000000e+00  0.000000e+00  0.000000e+00  0.000000e+00  0.000000e+00  0.000  0.000

=== Histograms — mode=x402 ===

seed
  [202607161.00, 430540217.38) | ######################################## 27
  [430540217.38, 658473273.75) |                                          0
  [658473273.75, 886406330.12) |                                          0
  [886406330.12, 1114339386.50) |                                          0
  [1114339386.50, 1342272442.88) |                                          0
  [1342272442.88, 1570205499.25) |                                          0
  [1570205499.25, 1798138555.62) |                                          0
  [1798138555.62, 2026071612.00) | #############                            9

role_pnl
  [    -19.40,     -15.13) | ########                                 2
  [    -15.13,     -10.85) |                                          0
  [    -10.85,      -6.58) | ######################                   5
  [     -6.58,      -2.31) | ######################################## 9
  [     -2.31,       1.96) | ######################################## 9
  [      1.96,       6.23) | ######################                   5
  [      6.23,      10.51) | #############                            3
  [     10.51,      14.78) | #############                            3

wallet_sum_pnl
  [     -0.00,      -0.00) | #####                                    3
  [     -0.00,      -0.00) |                                          0
  [     -0.00,      -0.00) | #####                                    3
  [     -0.00,      -0.00) | ######################################## 21
  [     -0.00,       0.00) | #####                                    3
  [      0.00,       0.00) | #####                                    3
  [      0.00,       0.00) |                                          0
  [      0.00,       0.00) | #####                                    3

realizedAbs
  [     56.01,      61.23) | ######################################## 9
  [     61.23,      66.44) | ##########################               6
  [     66.44,      71.66) | #############                            3
  [     71.66,      76.87) | ##########################               6
  [     76.87,      82.08) | #############                            3
  [     82.08,      87.30) |                                          0
  [     87.30,      92.51) | #############                            3
  [     92.51,      97.72) | ##########################               6

minSpot
  [      0.05,       0.05) | ########################                 9
  [      0.05,       0.05) |                                          0
  [      0.05,       0.05) | ########                                 3
  [      0.05,       0.05) | ######################################## 15
  [      0.05,       0.05) |                                          0
  [      0.05,       0.05) |                                          0
  [      0.05,       0.05) | ########                                 3
  [      0.05,       0.05) | ################                         6

maxSpot
  [      0.08,       0.08) | ##########                               3
  [      0.08,       0.08) | ####################                     6
  [      0.08,       0.08) | ######################################## 12
  [      0.08,       0.08) | ####################                     6
  [      0.08,       0.09) |                                          0
  [      0.09,       0.09) | ####################                     6
  [      0.09,       0.09) |                                          0
  [      0.09,       0.09) | ##########                               3

minCurve
  [      0.04,       0.04) | ##########################               6
  [      0.04,       0.04) | ##########################               6
  [      0.04,       0.04) |                                          0
  [      0.04,       0.04) | ######################################## 9
  [      0.04,       0.05) | ##########################               6
  [      0.05,       0.05) |                                          0
  [      0.05,       0.05) | #############                            3
  [      0.05,       0.05) | ##########################               6

maxCurve
  [      0.09,       0.09) | ########                                 3
  [      0.09,       0.09) |                                          0
  [      0.09,       0.10) |                                          0
  [      0.10,       0.10) |                                          0
  [      0.10,       0.10) | ################################         12
  [      0.10,       0.10) | ######################################## 15
  [      0.10,       0.10) |                                          0
  [      0.10,       0.10) | ################                         6

rounds
  [     59.50,      59.62) |                                          0
  [     59.62,      59.75) |                                          0
  [     59.75,      59.88) |                                          0
  [     59.88,      60.00) |                                          0
  [     60.00,      60.12) | ######################################## 36
  [     60.12,      60.25) |                                          0
  [     60.25,      60.38) |                                          0
  [     60.38,      60.50) |                                          0

settlementLegs
  [     76.00,      77.00) | ##########                               3
  [     77.00,      78.00) |                                          0
  [     78.00,      79.00) | ##########                               3
  [     79.00,      80.00) | ######################################## 12
  [     80.00,      81.00) | ##########                               3
  [     81.00,      82.00) | ####################                     6
  [     82.00,      83.00) | ##########                               3
  [     83.00,      84.00) | ####################                     6

x402Total
  [    284.82,     294.37) | ######################################## 12
  [    294.37,     303.92) |                                          0
  [    303.92,     313.47) | ##########                               3
  [    313.47,     323.01) | ##########                               3
  [    323.01,     332.56) | ##########                               3
  [    332.56,     342.11) | ####################                     6
  [    342.11,     351.66) | ####################                     6
  [    351.66,     361.21) | ##########                               3

deniedWorkers
  [     -0.50,      -0.38) |                                          0
  [     -0.38,      -0.25) |                                          0
  [     -0.25,      -0.12) |                                          0
  [     -0.12,       0.00) |                                          0
  [      0.00,       0.12) | ######################################## 36
  [      0.12,       0.25) |                                          0
  [      0.25,       0.38) |                                          0
  [      0.38,       0.50) |                                          0


Stats saved to out/programmatic-eda/compute-futures-2026-07-16/distributions_by_mode.csv
