=== Descriptive Statistics — mode=basket ===
                count          mean           std           min            5%           25%           50%           75%           95%           max   skew   kurt
seed             36.0  6.584762e+08  8.007871e+08  2.026081e+08  2.026081e+08  2.026081e+08  2.026081e+08  6.584762e+08  2.026081e+09  2.026081e+09  1.206 -0.582
role_pnl         36.0 -6.758414e-01  3.246747e+01 -7.271677e+01 -6.211749e+01 -1.870014e+01  2.705396e+00  2.052186e+01  3.948145e+01  6.161991e+01 -0.558 -0.191
wallet_sum_pnl   36.0 -1.644055e-14  3.196770e-14 -6.128431e-14 -6.128431e-14 -4.057865e-14 -2.053913e-14 -5.329071e-15  4.085621e-14  4.085621e-14  0.608 -0.692
realizedAbs      36.0  2.170665e+02  4.949536e+01  1.410662e+02  1.410662e+02  1.891352e+02  2.026162e+02  2.358257e+02  3.264153e+02  3.264153e+02  0.835  0.165
minSpot          36.0  1.203630e-01  3.194273e-03  1.136310e-01  1.136310e-01  1.189013e-01  1.203767e-01  1.222185e-01  1.258035e-01  1.258035e-01 -0.392 -0.016
maxSpot          36.0  2.111539e-01  9.936201e-03  1.956020e-01  1.956020e-01  2.044988e-01  2.104463e-01  2.161628e-01  2.318843e-01  2.318843e-01  0.396 -0.215
minCurve         36.0  1.103750e-01  3.568463e-03  1.015000e-01  1.015000e-01  1.090000e-01  1.105000e-01  1.117500e-01  1.160000e-01  1.160000e-01 -0.847  1.563
maxCurve         36.0  2.450833e-01  7.557872e-03  2.360000e-01  2.360000e-01  2.388750e-01  2.462500e-01  2.476250e-01  2.595000e-01  2.595000e-01  0.561 -0.581
rounds           36.0  6.000000e+01  0.000000e+00  6.000000e+01  6.000000e+01  6.000000e+01  6.000000e+01  6.000000e+01  6.000000e+01  6.000000e+01  0.000  0.000
settlementLegs   36.0  8.025000e+01  1.947526e+00  7.800000e+01  7.800000e+01  7.900000e+01  7.950000e+01  8.200000e+01  8.400000e+01  8.400000e+01  0.659 -0.908
x402Total        36.0  0.000000e+00  0.000000e+00  0.000000e+00  0.000000e+00  0.000000e+00  0.000000e+00  0.000000e+00  0.000000e+00  0.000000e+00  0.000  0.000
deniedWorkers    36.0  0.000000e+00  0.000000e+00  0.000000e+00  0.000000e+00  0.000000e+00  0.000000e+00  0.000000e+00  0.000000e+00  0.000000e+00  0.000  0.000

=== Histograms — mode=basket ===

seed
  [202608061.00, 430542129.88) | ######################################## 27
  [430542129.88, 658476198.75) |                                          0
  [658476198.75, 886410267.62) |                                          0
  [886410267.62, 1114344336.50) |                                          0
  [1114344336.50, 1342278405.38) |                                          0
  [1342278405.38, 1570212474.25) |                                          0
  [1570212474.25, 1798146543.12) |                                          0
  [1798146543.12, 2026080612.00) | #############                            9

role_pnl
  [    -72.72,     -55.92) | ###############                          3
  [    -55.92,     -39.13) | ###############                          3
  [    -39.13,     -22.34) | ##########                               2
  [    -22.34,      -5.55) | #########################                5
  [     -5.55,      11.24) | ######################################## 8
  [     11.24,      28.04) | ######################################## 8
  [     28.04,      44.83) | #########################                5
  [     44.83,      61.62) | ##########                               2

wallet_sum_pnl
  [     -0.00,      -0.00) | ##########################               6
  [     -0.00,      -0.00) | ##########################               6
  [     -0.00,      -0.00) | ##########################               6
  [     -0.00,      -0.00) | ######################################## 9
  [     -0.00,       0.00) |                                          0
  [      0.00,       0.00) |                                          0
  [      0.00,       0.00) | #############                            3
  [      0.00,       0.00) | ##########################               6

realizedAbs
  [    141.07,     164.23) | ########                                 3
  [    164.23,     187.40) | ################                         6
  [    187.40,     210.57) | ######################################## 15
  [    210.57,     233.74) | ########                                 3
  [    233.74,     256.91) |                                          0
  [    256.91,     280.08) | ################                         6
  [    280.08,     303.25) |                                          0
  [    303.25,     326.42) | ########                                 3

minSpot
  [      0.11,       0.12) | #############                            3
  [      0.12,       0.12) |                                          0
  [      0.12,       0.12) | ##########################               6
  [      0.12,       0.12) | ##########################               6
  [      0.12,       0.12) | ##########################               6
  [      0.12,       0.12) | ######################################## 9
  [      0.12,       0.12) | #############                            3
  [      0.12,       0.13) | #############                            3

maxSpot
  [      0.20,       0.20) | ##########################               6
  [      0.20,       0.20) | #############                            3
  [      0.20,       0.21) | ##########################               6
  [      0.21,       0.21) | ##########################               6
  [      0.21,       0.22) | ######################################## 9
  [      0.22,       0.22) | #############                            3
  [      0.22,       0.23) |                                          0
  [      0.23,       0.23) | #############                            3

minCurve
  [      0.10,       0.10) | ##########                               3
  [      0.10,       0.11) |                                          0
  [      0.11,       0.11) |                                          0
  [      0.11,       0.11) | ##########                               3
  [      0.11,       0.11) | ######################################## 12
  [      0.11,       0.11) | ##############################           9
  [      0.11,       0.11) | ##########                               3
  [      0.11,       0.12) | ####################                     6

maxCurve
  [      0.24,       0.24) | ##############################           9
  [      0.24,       0.24) | ####################                     6
  [      0.24,       0.24) |                                          0
  [      0.24,       0.25) | ######################################## 12
  [      0.25,       0.25) | ##########                               3
  [      0.25,       0.25) |                                          0
  [      0.25,       0.26) |                                          0
  [      0.26,       0.26) | ####################                     6

rounds
  [     59.50,      59.62) |                                          0
  [     59.62,      59.75) |                                          0
  [     59.75,      59.88) |                                          0
  [     59.88,      60.00) |                                          0
  [     60.00,      60.12) | ######################################## 36
  [     60.12,      60.25) |                                          0
  [     60.25,      60.38) |                                          0
  [     60.38,      60.50) |                                          0

settlementLegs
  [     78.00,      78.75) | ####################                     6
  [     78.75,      79.50) | ######################################## 12
  [     79.50,      80.25) | ####################                     6
  [     80.25,      81.00) |                                          0
  [     81.00,      81.75) |                                          0
  [     81.75,      82.50) | ####################                     6
  [     82.50,      83.25) | ##########                               3
  [     83.25,      84.00) | ##########                               3

x402Total
  [     -0.50,      -0.38) |                                          0
  [     -0.38,      -0.25) |                                          0
  [     -0.25,      -0.12) |                                          0
  [     -0.12,       0.00) |                                          0
  [      0.00,       0.12) | ######################################## 36
  [      0.12,       0.25) |                                          0
  [      0.25,       0.38) |                                          0
  [      0.38,       0.50) |                                          0

deniedWorkers
  [     -0.50,      -0.38) |                                          0
  [     -0.38,      -0.25) |                                          0
  [     -0.25,      -0.12) |                                          0
  [     -0.12,       0.00) |                                          0
  [      0.00,       0.12) | ######################################## 36
  [      0.12,       0.25) |                                          0
  [      0.25,       0.38) |                                          0
  [      0.38,       0.50) |                                          0

=== Descriptive Statistics — mode=spread ===
                count          mean           std           min            5%           25%           50%           75%           95%           max   skew   kurt
seed             36.0  6.584762e+08  8.007871e+08  2.026081e+08  2.026081e+08  2.026081e+08  2.026081e+08  6.584762e+08  2.026081e+09  2.026081e+09  1.206 -0.582
role_pnl         36.0 -3.519035e+02  7.675620e+03 -1.779754e+04 -1.426963e+04 -6.175542e+03  2.222162e+03  5.065054e+03  9.051296e+03  1.257176e+04 -0.679 -0.349
wallet_sum_pnl   36.0 -5.400125e-13  4.806326e-12 -8.867573e-12 -8.867573e-12 -4.945377e-12  1.250555e-12  2.955858e-12  5.115908e-12  5.115908e-12 -0.642 -1.182
realizedAbs      36.0  4.540822e+04  9.249284e+03  3.225119e+04  3.225119e+04  3.965777e+04  4.143862e+04  5.070310e+04  6.143438e+04  6.143438e+04  0.511 -0.996
minSpot          36.0  4.281313e+01  2.068815e+00  3.926999e+01  3.926999e+01  4.152683e+01  4.302588e+01  4.431741e+01  4.602467e+01  4.602467e+01 -0.341 -0.937
maxSpot          36.0  6.654332e+01  3.363557e+00  5.953393e+01  5.953393e+01  6.502462e+01  6.713215e+01  6.928456e+01  7.053187e+01  7.053187e+01 -0.689 -0.351
minCurve         36.0  3.975012e+01  9.874772e-01  3.791850e+01  3.791850e+01  3.871475e+01  4.020200e+01  4.046588e+01  4.085900e+01  4.085900e+01 -0.634 -1.170
maxCurve         36.0  7.084175e+01  2.107137e+00  6.685850e+01  6.685850e+01  7.030763e+01  7.118300e+01  7.191375e+01  7.446800e+01  7.446800e+01 -0.477 -0.233
rounds           36.0  6.000000e+01  0.000000e+00  6.000000e+01  6.000000e+01  6.000000e+01  6.000000e+01  6.000000e+01  6.000000e+01  6.000000e+01  0.000  0.000
settlementLegs   36.0  8.050000e+01  1.463850e+00  7.800000e+01  7.800000e+01  8.000000e+01  8.050000e+01  8.125000e+01  8.300000e+01  8.300000e+01 -0.260 -0.444
x402Total        36.0  0.000000e+00  0.000000e+00  0.000000e+00  0.000000e+00  0.000000e+00  0.000000e+00  0.000000e+00  0.000000e+00  0.000000e+00  0.000  0.000
deniedWorkers    36.0  0.000000e+00  0.000000e+00  0.000000e+00  0.000000e+00  0.000000e+00  0.000000e+00  0.000000e+00  0.000000e+00  0.000000e+00  0.000  0.000

=== Histograms — mode=spread ===

seed
  [202608061.00, 430542129.88) | ######################################## 27
  [430542129.88, 658476198.75) |                                          0
  [658476198.75, 886410267.62) |                                          0
  [886410267.62, 1114344336.50) |                                          0
  [1114344336.50, 1342278405.38) |                                          0
  [1342278405.38, 1570212474.25) |                                          0
  [1570212474.25, 1798146543.12) |                                          0
  [1798146543.12, 2026080612.00) | #############                            9

role_pnl
  [ -17797.54,  -14001.38) | ########                                 2
  [ -14001.38,  -10205.22) | ############                             3
  [ -10205.22,   -6409.05) | ############                             3
  [  -6409.05,   -2612.89) | ################                         4
  [  -2612.89,    1183.27) | ################                         4
  [   1183.27,    4979.44) | ######################################## 10
  [   4979.44,    8775.60) | ################################         8
  [   8775.60,   12571.76) | ########                                 2

wallet_sum_pnl
  [     -0.00,      -0.00) | ##########################               6
  [     -0.00,      -0.00) | #############                            3
  [     -0.00,      -0.00) | #############                            3
  [     -0.00,      -0.00) |                                          0
  [     -0.00,      -0.00) |                                          0
  [     -0.00,       0.00) | ######################################## 9
  [      0.00,       0.00) | ##########################               6
  [      0.00,       0.00) | ######################################## 9

realizedAbs
  [  32251.19,   35899.09) | ####################                     6
  [  35899.09,   39546.99) | ##########                               3
  [  39546.99,   43194.89) | ######################################## 12
  [  43194.89,   46842.79) |                                          0
  [  46842.79,   50490.69) | ####################                     6
  [  50490.69,   54138.59) |                                          0
  [  54138.59,   57786.48) | ##########                               3
  [  57786.48,   61434.38) | ####################                     6

minSpot
  [     39.27,      40.11) | ######################################## 6
  [     40.11,      40.96) | ####################                     3
  [     40.96,      41.80) |                                          0
  [     41.80,      42.65) | ######################################## 6
  [     42.65,      43.49) | ######################################## 6
  [     43.49,      44.34) | ######################################## 6
  [     44.34,      45.18) | ######################################## 6
  [     45.18,      46.02) | ####################                     3

maxSpot
  [     59.53,      60.91) | #############                            3
  [     60.91,      62.28) | #############                            3
  [     62.28,      63.66) |                                          0
  [     63.66,      65.03) | #############                            3
  [     65.03,      66.41) | ##########################               6
  [     66.41,      67.78) | ##########################               6
  [     67.78,      69.16) | ##########################               6
  [     69.16,      70.53) | ######################################## 9

minCurve
  [     37.92,      38.29) | ##########                               3
  [     38.29,      38.65) | ####################                     6
  [     38.65,      39.02) | ##########                               3
  [     39.02,      39.39) |                                          0
  [     39.39,      39.76) |                                          0
  [     39.76,      40.12) | ##########                               3
  [     40.12,      40.49) | ######################################## 12
  [     40.49,      40.86) | ##############################           9

maxCurve
  [     66.86,      67.81) | ################                         6
  [     67.81,      68.76) |                                          0
  [     68.76,      69.71) | ########                                 3
  [     69.71,      70.66) |                                          0
  [     70.66,      71.61) | ######################################## 15
  [     71.61,      72.57) | ################                         6
  [     72.57,      73.52) | ########                                 3
  [     73.52,      74.47) | ########                                 3

rounds
  [     59.50,      59.62) |                                          0
  [     59.62,      59.75) |                                          0
  [     59.75,      59.88) |                                          0
  [     59.88,      60.00) |                                          0
  [     60.00,      60.12) | ######################################## 36
  [     60.12,      60.25) |                                          0
  [     60.25,      60.38) |                                          0
  [     60.38,      60.50) |                                          0

settlementLegs
  [     78.00,      78.62) | ####################                     6
  [     78.62,      79.25) |                                          0
  [     79.25,      79.88) |                                          0
  [     79.88,      80.50) | ######################################## 12
  [     80.50,      81.12) | ##############################           9
  [     81.12,      81.75) |                                          0
  [     81.75,      82.38) | ####################                     6
  [     82.38,      83.00) | ##########                               3

x402Total
  [     -0.50,      -0.38) |                                          0
  [     -0.38,      -0.25) |                                          0
  [     -0.25,      -0.12) |                                          0
  [     -0.12,       0.00) |                                          0
  [      0.00,       0.12) | ######################################## 36
  [      0.12,       0.25) |                                          0
  [      0.25,       0.38) |                                          0
  [      0.38,       0.50) |                                          0

deniedWorkers
  [     -0.50,      -0.38) |                                          0
  [     -0.38,      -0.25) |                                          0
  [     -0.25,      -0.12) |                                          0
  [     -0.12,       0.00) |                                          0
  [      0.00,       0.12) | ######################################## 36
  [      0.12,       0.25) |                                          0
  [      0.25,       0.38) |                                          0
  [      0.38,       0.50) |                                          0

=== Descriptive Statistics — mode=synthetic ===
                count          mean           std           min            5%           25%           50%           75%           95%           max   skew   kurt
seed             36.0  6.584762e+08  8.007871e+08  2.026081e+08  2.026081e+08  2.026081e+08  2.026081e+08  6.584762e+08  2.026081e+09  2.026081e+09  1.206 -0.582
role_pnl         36.0 -2.390596e-01  1.178861e+01 -2.755939e+01 -2.126799e+01 -6.665775e+00  2.210845e+00  8.195392e+00  1.443876e+01  2.233610e+01 -0.610 -0.115
wallet_sum_pnl   36.0  7.771561e-16  8.460287e-15 -9.325873e-15 -9.325873e-15 -5.440093e-15  3.330669e-16  4.107825e-15  1.709743e-14  1.709743e-14  0.625 -0.753
realizedAbs      36.0  8.372811e+01  1.968894e+01  5.566442e+01  5.566442e+01  7.343012e+01  7.751396e+01  9.182276e+01  1.285271e+02  1.285271e+02  0.955  0.295
minSpot          36.0  4.814521e-02  1.277709e-03  4.545240e-02  4.545240e-02  4.756051e-02  4.815066e-02  4.888741e-02  5.032139e-02  5.032139e-02 -0.392 -0.016
maxSpot          36.0  8.446156e-02  3.974480e-03  7.824081e-02  7.824081e-02  8.179953e-02  8.417851e-02  8.646512e-02  9.275373e-02  9.275373e-02  0.396 -0.215
minCurve         36.0  4.427083e-02  1.409629e-03  4.050000e-02  4.050000e-02  4.387500e-02  4.450000e-02  4.500000e-02  4.650000e-02  4.650000e-02 -1.322  2.664
maxCurve         36.0  9.812500e-02  2.921289e-03  9.450000e-02  9.450000e-02  9.575000e-02  9.850000e-02  9.912500e-02  1.035000e-01  1.035000e-01  0.493 -0.659
rounds           36.0  6.000000e+01  0.000000e+00  6.000000e+01  6.000000e+01  6.000000e+01  6.000000e+01  6.000000e+01  6.000000e+01  6.000000e+01  0.000  0.000
settlementLegs   36.0  8.100000e+01  1.603567e+00  7.700000e+01  7.700000e+01  8.000000e+01  8.100000e+01  8.200000e+01  8.300000e+01  8.300000e+01 -1.056  1.249
x402Total        36.0  0.000000e+00  0.000000e+00  0.000000e+00  0.000000e+00  0.000000e+00  0.000000e+00  0.000000e+00  0.000000e+00  0.000000e+00  0.000  0.000
deniedWorkers    36.0  0.000000e+00  0.000000e+00  0.000000e+00  0.000000e+00  0.000000e+00  0.000000e+00  0.000000e+00  0.000000e+00  0.000000e+00  0.000  0.000

=== Histograms — mode=synthetic ===

seed
  [202608061.00, 430542129.88) | ######################################## 27
  [430542129.88, 658476198.75) |                                          0
  [658476198.75, 886410267.62) |                                          0
  [886410267.62, 1114344336.50) |                                          0
  [1114344336.50, 1342278405.38) |                                          0
  [1342278405.38, 1570212474.25) |                                          0
  [1570212474.25, 1798146543.12) |                                          0
  [1798146543.12, 2026080612.00) | #############                            9

role_pnl
  [    -27.56,     -21.32) | ########                                 2
  [    -21.32,     -15.09) | ################                         4
  [    -15.09,      -8.85) | ####                                     1
  [     -8.85,      -2.61) | ########################                 6
  [     -2.61,       3.63) | ############################             7
  [      3.63,       9.86) | ######################################## 10
  [      9.86,      16.10) | ################                         4
  [     16.10,      22.34) | ########                                 2

wallet_sum_pnl
  [     -0.00,      -0.00) | ######################################## 9
  [     -0.00,      -0.00) | ##########################               6
  [     -0.00,       0.00) | #############                            3
  [      0.00,       0.00) | ######################################## 9
  [      0.00,       0.00) |                                          0
  [      0.00,       0.00) |                                          0
  [      0.00,       0.00) | ##########################               6
  [      0.00,       0.00) | #############                            3

realizedAbs
  [     55.66,      64.77) | ########                                 3
  [     64.77,      73.88) | ################                         6
  [     73.88,      82.99) | ######################################## 15
  [     82.99,      92.10) | ########                                 3
  [     92.10,     101.20) |                                          0
  [    101.20,     110.31) | ################                         6
  [    110.31,     119.42) |                                          0
  [    119.42,     128.53) | ########                                 3

minSpot
  [      0.05,       0.05) | #############                            3
  [      0.05,       0.05) |                                          0
  [      0.05,       0.05) | ##########################               6
  [      0.05,       0.05) | ##########################               6
  [      0.05,       0.05) | ##########################               6
  [      0.05,       0.05) | ######################################## 9
  [      0.05,       0.05) | #############                            3
  [      0.05,       0.05) | #############                            3

maxSpot
  [      0.08,       0.08) | ##########################               6
  [      0.08,       0.08) | #############                            3
  [      0.08,       0.08) | ##########################               6
  [      0.08,       0.09) | ##########################               6
  [      0.09,       0.09) | ######################################## 9
  [      0.09,       0.09) | #############                            3
  [      0.09,       0.09) |                                          0
  [      0.09,       0.09) | #############                            3

minCurve
  [      0.04,       0.04) | ##########                               3
  [      0.04,       0.04) |                                          0
  [      0.04,       0.04) |                                          0
  [      0.04,       0.04) |                                          0
  [      0.04,       0.04) | ##############################           9
  [      0.04,       0.04) | ######################################## 12
  [      0.04,       0.05) | ##############################           9
  [      0.05,       0.05) | ##########                               3

maxCurve
  [      0.09,       0.10) | ######################################## 9
  [      0.10,       0.10) | ##########################               6
  [      0.10,       0.10) |                                          0
  [      0.10,       0.10) | ##########################               6
  [      0.10,       0.10) | ######################################## 9
  [      0.10,       0.10) |                                          0
  [      0.10,       0.10) |                                          0
  [      0.10,       0.10) | ##########################               6

rounds
  [     59.50,      59.62) |                                          0
  [     59.62,      59.75) |                                          0
  [     59.75,      59.88) |                                          0
  [     59.88,      60.00) |                                          0
  [     60.00,      60.12) | ######################################## 36
  [     60.12,      60.25) |                                          0
  [     60.25,      60.38) |                                          0
  [     60.38,      60.50) |                                          0

settlementLegs
  [     77.00,      77.75) | #############                            3
  [     77.75,      78.50) |                                          0
  [     78.50,      79.25) |                                          0
  [     79.25,      80.00) |                                          0
  [     80.00,      80.75) | ######################################## 9
  [     80.75,      81.50) | ######################################## 9
  [     81.50,      82.25) | ######################################## 9
  [     82.25,      83.00) | ##########################               6

x402Total
  [     -0.50,      -0.38) |                                          0
  [     -0.38,      -0.25) |                                          0
  [     -0.25,      -0.12) |                                          0
  [     -0.12,       0.00) |                                          0
  [      0.00,       0.12) | ######################################## 36
  [      0.12,       0.25) |                                          0
  [      0.25,       0.38) |                                          0
  [      0.38,       0.50) |                                          0

deniedWorkers
  [     -0.50,      -0.38) |                                          0
  [     -0.38,      -0.25) |                                          0
  [     -0.25,      -0.12) |                                          0
  [     -0.12,       0.00) |                                          0
  [      0.00,       0.12) | ######################################## 36
  [      0.12,       0.25) |                                          0
  [      0.25,       0.38) |                                          0
  [      0.38,       0.50) |                                          0

=== Descriptive Statistics — mode=x402 ===
                count          mean           std           min            5%           25%           50%           75%           95%           max   skew   kurt
seed             36.0  6.584762e+08  8.007871e+08  2.026081e+08  2.026081e+08  2.026081e+08  2.026081e+08  6.584762e+08  2.026081e+09  2.026081e+09  1.206 -0.582
role_pnl         36.0 -2.390596e-01  1.178861e+01 -2.755939e+01 -2.126799e+01 -6.665775e+00  2.210845e+00  8.195392e+00  1.443876e+01  2.233610e+01 -0.610 -0.115
wallet_sum_pnl   36.0  7.771561e-16  8.460287e-15 -9.325873e-15 -9.325873e-15 -5.440093e-15  3.330669e-16  4.107825e-15  1.709743e-14  1.709743e-14  0.625 -0.753
realizedAbs      36.0  8.372811e+01  1.968894e+01  5.566442e+01  5.566442e+01  7.343012e+01  7.751396e+01  9.182276e+01  1.285271e+02  1.285271e+02  0.955  0.295
minSpot          36.0  4.814521e-02  1.277709e-03  4.545240e-02  4.545240e-02  4.756051e-02  4.815066e-02  4.888741e-02  5.032139e-02  5.032139e-02 -0.392 -0.016
maxSpot          36.0  8.446156e-02  3.974480e-03  7.824081e-02  7.824081e-02  8.179953e-02  8.417851e-02  8.646512e-02  9.275373e-02  9.275373e-02  0.396 -0.215
minCurve         36.0  4.427083e-02  1.409629e-03  4.050000e-02  4.050000e-02  4.387500e-02  4.450000e-02  4.500000e-02  4.650000e-02  4.650000e-02 -1.322  2.664
maxCurve         36.0  9.812500e-02  2.921289e-03  9.450000e-02  9.450000e-02  9.575000e-02  9.850000e-02  9.912500e-02  1.035000e-01  1.035000e-01  0.493 -0.659
rounds           36.0  6.000000e+01  0.000000e+00  6.000000e+01  6.000000e+01  6.000000e+01  6.000000e+01  6.000000e+01  6.000000e+01  6.000000e+01  0.000  0.000
settlementLegs   36.0  8.100000e+01  1.603567e+00  7.700000e+01  7.700000e+01  8.000000e+01  8.100000e+01  8.200000e+01  8.300000e+01  8.300000e+01 -1.056  1.249
x402Total        36.0  3.401335e+02  2.908317e+01  2.854405e+02  2.854405e+02  3.248082e+02  3.396180e+02  3.512919e+02  3.961998e+02  3.961998e+02  0.105 -0.104
deniedWorkers    36.0  0.000000e+00  0.000000e+00  0.000000e+00  0.000000e+00  0.000000e+00  0.000000e+00  0.000000e+00  0.000000e+00  0.000000e+00  0.000  0.000

=== Histograms — mode=x402 ===

seed
  [202608061.00, 430542129.88) | ######################################## 27
  [430542129.88, 658476198.75) |                                          0
  [658476198.75, 886410267.62) |                                          0
  [886410267.62, 1114344336.50) |                                          0
  [1114344336.50, 1342278405.38) |                                          0
  [1342278405.38, 1570212474.25) |                                          0
  [1570212474.25, 1798146543.12) |                                          0
  [1798146543.12, 2026080612.00) | #############                            9

role_pnl
  [    -27.56,     -21.32) | ########                                 2
  [    -21.32,     -15.09) | ################                         4
  [    -15.09,      -8.85) | ####                                     1
  [     -8.85,      -2.61) | ########################                 6
  [     -2.61,       3.63) | ############################             7
  [      3.63,       9.86) | ######################################## 10
  [      9.86,      16.10) | ################                         4
  [     16.10,      22.34) | ########                                 2

wallet_sum_pnl
  [     -0.00,      -0.00) | ######################################## 9
  [     -0.00,      -0.00) | ##########################               6
  [     -0.00,       0.00) | #############                            3
  [      0.00,       0.00) | ######################################## 9
  [      0.00,       0.00) |                                          0
  [      0.00,       0.00) |                                          0
  [      0.00,       0.00) | ##########################               6
  [      0.00,       0.00) | #############                            3

realizedAbs
  [     55.66,      64.77) | ########                                 3
  [     64.77,      73.88) | ################                         6
  [     73.88,      82.99) | ######################################## 15
  [     82.99,      92.10) | ########                                 3
  [     92.10,     101.20) |                                          0
  [    101.20,     110.31) | ################                         6
  [    110.31,     119.42) |                                          0
  [    119.42,     128.53) | ########                                 3

minSpot
  [      0.05,       0.05) | #############                            3
  [      0.05,       0.05) |                                          0
  [      0.05,       0.05) | ##########################               6
  [      0.05,       0.05) | ##########################               6
  [      0.05,       0.05) | ##########################               6
  [      0.05,       0.05) | ######################################## 9
  [      0.05,       0.05) | #############                            3
  [      0.05,       0.05) | #############                            3

maxSpot
  [      0.08,       0.08) | ##########################               6
  [      0.08,       0.08) | #############                            3
  [      0.08,       0.08) | ##########################               6
  [      0.08,       0.09) | ##########################               6
  [      0.09,       0.09) | ######################################## 9
  [      0.09,       0.09) | #############                            3
  [      0.09,       0.09) |                                          0
  [      0.09,       0.09) | #############                            3

minCurve
  [      0.04,       0.04) | ##########                               3
  [      0.04,       0.04) |                                          0
  [      0.04,       0.04) |                                          0
  [      0.04,       0.04) |                                          0
  [      0.04,       0.04) | ##############################           9
  [      0.04,       0.04) | ######################################## 12
  [      0.04,       0.05) | ##############################           9
  [      0.05,       0.05) | ##########                               3

maxCurve
  [      0.09,       0.10) | ######################################## 9
  [      0.10,       0.10) | ##########################               6
  [      0.10,       0.10) |                                          0
  [      0.10,       0.10) | ##########################               6
  [      0.10,       0.10) | ######################################## 9
  [      0.10,       0.10) |                                          0
  [      0.10,       0.10) |                                          0
  [      0.10,       0.10) | ##########################               6

rounds
  [     59.50,      59.62) |                                          0
  [     59.62,      59.75) |                                          0
  [     59.75,      59.88) |                                          0
  [     59.88,      60.00) |                                          0
  [     60.00,      60.12) | ######################################## 36
  [     60.12,      60.25) |                                          0
  [     60.25,      60.38) |                                          0
  [     60.38,      60.50) |                                          0

settlementLegs
  [     77.00,      77.75) | #############                            3
  [     77.75,      78.50) |                                          0
  [     78.50,      79.25) |                                          0
  [     79.25,      80.00) |                                          0
  [     80.00,      80.75) | ######################################## 9
  [     80.75,      81.50) | ######################################## 9
  [     81.50,      82.25) | ######################################## 9
  [     82.25,      83.00) | ##########################               6

x402Total
  [    285.44,     299.29) | #############                            3
  [    299.29,     313.13) | #############                            3
  [    313.13,     326.98) | #############                            3
  [    326.98,     340.82) | ######################################## 9
  [    340.82,     354.67) | ######################################## 9
  [    354.67,     368.51) | #############                            3
  [    368.51,     382.35) | #############                            3
  [    382.35,     396.20) | #############                            3

deniedWorkers
  [     -0.50,      -0.38) |                                          0
  [     -0.38,      -0.25) |                                          0
  [     -0.25,      -0.12) |                                          0
  [     -0.12,       0.00) |                                          0
  [      0.00,       0.12) | ######################################## 36
  [      0.12,       0.25) |                                          0
  [      0.25,       0.38) |                                          0
  [      0.38,       0.50) |                                          0


Stats saved to out/programmatic-eda/compute-futures-2026-08-06/distributions_by_mode.csv
