=== Descriptive Statistics — mode=basket ===
                count          mean           std           min            5%           25%           50%           75%           95%           max   skew   kurt
seed             36.0  6.584770e+08  8.007881e+08  2.026083e+08  2.026083e+08  2.026083e+08  2.026083e+08  6.584770e+08  2.026083e+09  2.026083e+09  1.206 -0.582
role_pnl         36.0 -7.441754e-01  3.306653e+01 -6.554310e+01 -5.155541e+01 -2.460044e+01  4.582532e+00  2.475466e+01  4.386205e+01  6.803957e+01 -0.160 -0.801
wallet_sum_pnl   36.0  1.604735e-14  2.415338e-14 -1.176836e-14 -1.176836e-14  3.552714e-15  7.327472e-15  1.586231e-14  6.661338e-14  6.661338e-14  1.218  0.139
realizedAbs      36.0  2.030092e+02  5.496919e+01  1.458358e+02  1.458358e+02  1.590067e+02  1.871953e+02  2.226516e+02  3.500103e+02  3.500103e+02  1.523  2.242
minSpot          36.0  1.210045e-01  7.144478e-03  1.072770e-01  1.072770e-01  1.171732e-01  1.232200e-01  1.265182e-01  1.292887e-01  1.292887e-01 -0.906 -0.397
maxSpot          36.0  2.156552e-01  6.309795e-03  2.095895e-01  2.095895e-01  2.122421e-01  2.132227e-01  2.165096e-01  2.327405e-01  2.327405e-01  1.713  2.522
minCurve         36.0  1.103125e-01  2.020763e-03  1.065000e-01  1.065000e-01  1.088750e-01  1.105000e-01  1.120625e-01  1.130000e-01  1.130000e-01 -0.275 -0.950
maxCurve         36.0  2.464583e-01  6.121829e-03  2.375000e-01  2.375000e-01  2.423750e-01  2.457500e-01  2.506250e-01  2.595000e-01  2.595000e-01  0.475 -0.238
rounds           36.0  6.000000e+01  0.000000e+00  6.000000e+01  6.000000e+01  6.000000e+01  6.000000e+01  6.000000e+01  6.000000e+01  6.000000e+01  0.000  0.000
settlementLegs   36.0  8.008333e+01  2.169595e+00  7.500000e+01  7.500000e+01  7.900000e+01  8.000000e+01  8.125000e+01  8.300000e+01  8.300000e+01 -0.753  0.623
x402Total        36.0  0.000000e+00  0.000000e+00  0.000000e+00  0.000000e+00  0.000000e+00  0.000000e+00  0.000000e+00  0.000000e+00  0.000000e+00  0.000  0.000
deniedWorkers    36.0  0.000000e+00  0.000000e+00  0.000000e+00  0.000000e+00  0.000000e+00  0.000000e+00  0.000000e+00  0.000000e+00  0.000000e+00  0.000  0.000

=== Histograms — mode=basket ===

seed
  [202608311.00, 430542661.12) | ######################################## 27
  [430542661.12, 658477011.25) |                                          0
  [658477011.25, 886411361.38) |                                          0
  [886411361.38, 1114345711.50) |                                          0
  [1114345711.50, 1342280061.62) |                                          0
  [1342280061.62, 1570214411.75) |                                          0
  [1570214411.75, 1798148761.88) |                                          0
  [1798148761.88, 2026083112.00) | #############                            9

role_pnl
  [    -65.54,     -48.85) | ###############                          3
  [    -48.85,     -32.15) | ##############################           6
  [    -32.15,     -15.45) | #########################                5
  [    -15.45,       1.25) | ###############                          3
  [      1.25,      17.95) | ###################################      7
  [     17.95,      34.64) | ######################################## 8
  [     34.64,      51.34) | ###############                          3
  [     51.34,      68.04) | #####                                    1

wallet_sum_pnl
  [     -0.00,      -0.00) | ################                         6
  [     -0.00,       0.00) | ######################################## 15
  [      0.00,       0.00) | ################                         6
  [      0.00,       0.00) |                                          0
  [      0.00,       0.00) | ########                                 3
  [      0.00,       0.00) |                                          0
  [      0.00,       0.00) |                                          0
  [      0.00,       0.00) | ################                         6

realizedAbs
  [    145.84,     171.36) | ######################################## 12
  [    171.36,     196.88) | ##############################           9
  [    196.88,     222.40) | ####################                     6
  [    222.40,     247.92) | ####################                     6
  [    247.92,     273.44) |                                          0
  [    273.44,     298.97) |                                          0
  [    298.97,     324.49) |                                          0
  [    324.49,     350.01) | ##########                               3

minSpot
  [      0.11,       0.11) | ##########################               6
  [      0.11,       0.11) |                                          0
  [      0.11,       0.12) |                                          0
  [      0.12,       0.12) | ##########################               6
  [      0.12,       0.12) |                                          0
  [      0.12,       0.12) | ##########################               6
  [      0.12,       0.13) | ######################################## 9
  [      0.13,       0.13) | ######################################## 9

maxSpot
  [      0.21,       0.21) | ##############################           9
  [      0.21,       0.22) | ######################################## 12
  [      0.22,       0.22) | ####################                     6
  [      0.22,       0.22) | ##########                               3
  [      0.22,       0.22) | ##########                               3
  [      0.22,       0.23) |                                          0
  [      0.23,       0.23) |                                          0
  [      0.23,       0.23) | ##########                               3

minCurve
  [      0.11,       0.11) | #############                            3
  [      0.11,       0.11) | #############                            3
  [      0.11,       0.11) | #############                            3
  [      0.11,       0.11) | ##########################               6
  [      0.11,       0.11) | #############                            3
  [      0.11,       0.11) | ##########################               6
  [      0.11,       0.11) | #############                            3
  [      0.11,       0.11) | ######################################## 9

maxCurve
  [      0.24,       0.24) | ##########################               6
  [      0.24,       0.24) | #############                            3
  [      0.24,       0.25) | ######################################## 9
  [      0.25,       0.25) | ##########################               6
  [      0.25,       0.25) | ##########################               6
  [      0.25,       0.25) | #############                            3
  [      0.25,       0.26) |                                          0
  [      0.26,       0.26) | #############                            3

rounds
  [     59.50,      59.62) |                                          0
  [     59.62,      59.75) |                                          0
  [     59.75,      59.88) |                                          0
  [     59.88,      60.00) |                                          0
  [     60.00,      60.12) | ######################################## 36
  [     60.12,      60.25) |                                          0
  [     60.25,      60.38) |                                          0
  [     60.38,      60.50) |                                          0

settlementLegs
  [     75.00,      76.00) | #############                            3
  [     76.00,      77.00) |                                          0
  [     77.00,      78.00) |                                          0
  [     78.00,      79.00) | #############                            3
  [     79.00,      80.00) | ##########################               6
  [     80.00,      81.00) | ######################################## 9
  [     81.00,      82.00) | ##########################               6
  [     82.00,      83.00) | ######################################## 9

x402Total
  [     -0.50,      -0.38) |                                          0
  [     -0.38,      -0.25) |                                          0
  [     -0.25,      -0.12) |                                          0
  [     -0.12,       0.00) |                                          0
  [      0.00,       0.12) | ######################################## 36
  [      0.12,       0.25) |                                          0
  [      0.25,       0.38) |                                          0
  [      0.38,       0.50) |                                          0

deniedWorkers
  [     -0.50,      -0.38) |                                          0
  [     -0.38,      -0.25) |                                          0
  [     -0.25,      -0.12) |                                          0
  [     -0.12,       0.00) |                                          0
  [      0.00,       0.12) | ######################################## 36
  [      0.12,       0.25) |                                          0
  [      0.25,       0.38) |                                          0
  [      0.38,       0.50) |                                          0

=== Descriptive Statistics — mode=spread ===
                count          mean           std           min            5%           25%           50%           75%           95%           max   skew   kurt
seed             36.0  6.584770e+08  8.007881e+08  2.026083e+08  2.026083e+08  2.026083e+08  2.026083e+08  6.584770e+08  2.026083e+09  2.026083e+09  1.206 -0.582
role_pnl         36.0 -4.411357e+02  1.026874e+04 -2.626456e+04 -1.659158e+04 -7.575515e+03  3.062257e+03  7.720041e+03  1.198362e+04  1.584615e+04 -0.655 -0.359
wallet_sum_pnl   36.0  6.158037e-14  7.423602e-12 -1.000444e-11 -1.000444e-11 -7.844392e-12 -1.136868e-13  4.646949e-12  1.182343e-11  1.182343e-11  0.163 -1.216
realizedAbs      36.0  5.020643e+04  1.392475e+04  2.931620e+04  2.931620e+04  4.320827e+04  4.707949e+04  5.462976e+04  8.574727e+04  8.574727e+04  1.156  1.734
minSpot          36.0  4.184054e+01  1.570038e+00  4.037283e+01  4.037283e+01  4.071137e+01  4.098578e+01  4.284136e+01  4.507438e+01  4.507438e+01  0.988 -0.375
maxSpot          36.0  6.539788e+01  2.148244e+00  6.180027e+01  6.180027e+01  6.406467e+01  6.566783e+01  6.603389e+01  6.932861e+01  6.932861e+01  0.155 -0.374
minCurve         36.0  4.009958e+01  1.265621e+00  3.697950e+01  3.697950e+01  3.971637e+01  4.044225e+01  4.095663e+01  4.147800e+01  4.147800e+01 -1.220  1.011
maxCurve         36.0  6.991637e+01  1.084901e+00  6.820350e+01  6.820350e+01  6.885112e+01  7.024800e+01  7.073575e+01  7.154900e+01  7.154900e+01 -0.244 -1.347
rounds           36.0  6.000000e+01  0.000000e+00  6.000000e+01  6.000000e+01  6.000000e+01  6.000000e+01  6.000000e+01  6.000000e+01  6.000000e+01  0.000  0.000
settlementLegs   36.0  8.025000e+01  2.309917e+00  7.600000e+01  7.600000e+01  7.875000e+01  8.000000e+01  8.300000e+01  8.300000e+01  8.300000e+01 -0.146 -1.090
x402Total        36.0  0.000000e+00  0.000000e+00  0.000000e+00  0.000000e+00  0.000000e+00  0.000000e+00  0.000000e+00  0.000000e+00  0.000000e+00  0.000  0.000
deniedWorkers    36.0  0.000000e+00  0.000000e+00  0.000000e+00  0.000000e+00  0.000000e+00  0.000000e+00  0.000000e+00  0.000000e+00  0.000000e+00  0.000  0.000

=== Histograms — mode=spread ===

seed
  [202608311.00, 430542661.12) | ######################################## 27
  [430542661.12, 658477011.25) |                                          0
  [658477011.25, 886411361.38) |                                          0
  [886411361.38, 1114345711.50) |                                          0
  [1114345711.50, 1342280061.62) |                                          0
  [1342280061.62, 1570214411.75) |                                          0
  [1570214411.75, 1798148761.88) |                                          0
  [1798148761.88, 2026083112.00) | #############                            9

role_pnl
  [ -26264.56,  -21000.72) | ###                                      1
  [ -21000.72,  -15736.88) | ######                                   2
  [ -15736.88,  -10473.04) | ################                         5
  [ -10473.04,   -5209.20) | #############                            4
  [  -5209.20,      54.64) | ###                                      1
  [     54.64,    5318.47) | ######################################## 12
  [   5318.47,   10582.31) | ##########################               8
  [  10582.31,   15846.15) | ##########                               3

wallet_sum_pnl
  [     -0.00,      -0.00) | ######################################## 12
  [     -0.00,      -0.00) |                                          0
  [     -0.00,      -0.00) | ##########                               3
  [     -0.00,       0.00) | ####################                     6
  [      0.00,       0.00) | ##########                               3
  [      0.00,       0.00) | ####################                     6
  [      0.00,       0.00) |                                          0
  [      0.00,       0.00) | ####################                     6

realizedAbs
  [  29316.20,   36370.08) | ##########                               3
  [  36370.08,   43423.97) | ####################                     6
  [  43423.97,   50477.85) | ######################################## 12
  [  50477.85,   57531.74) | ##############################           9
  [  57531.74,   64585.62) | ##########                               3
  [  64585.62,   71639.51) |                                          0
  [  71639.51,   78693.39) |                                          0
  [  78693.39,   85747.27) | ##########                               3

minSpot
  [     40.37,      40.96) | ######################################## 18
  [     40.96,      41.55) | ######                                   3
  [     41.55,      42.14) | ######                                   3
  [     42.14,      42.72) |                                          0
  [     42.72,      43.31) | #############                            6
  [     43.31,      43.90) |                                          0
  [     43.90,      44.49) | ######                                   3
  [     44.49,      45.07) | ######                                   3

maxSpot
  [     61.80,      62.74) | ####################                     6
  [     62.74,      63.68) |                                          0
  [     63.68,      64.62) | ####################                     6
  [     64.62,      65.56) | ##########                               3
  [     65.56,      66.51) | ######################################## 12
  [     66.51,      67.45) | ##########                               3
  [     67.45,      68.39) |                                          0
  [     68.39,      69.33) | ####################                     6

minCurve
  [     36.98,      37.54) | ##########                               3
  [     37.54,      38.10) |                                          0
  [     38.10,      38.67) |                                          0
  [     38.67,      39.23) | ####################                     6
  [     39.23,      39.79) |                                          0
  [     39.79,      40.35) | ##############################           9
  [     40.35,      40.92) | ####################                     6
  [     40.92,      41.48) | ######################################## 12

maxCurve
  [     68.20,      68.62) | ##########################               6
  [     68.62,      69.04) | ##########################               6
  [     69.04,      69.46) |                                          0
  [     69.46,      69.88) | #############                            3
  [     69.88,      70.29) | #############                            3
  [     70.29,      70.71) | ######################################## 9
  [     70.71,      71.13) | ##########################               6
  [     71.13,      71.55) | #############                            3

rounds
  [     59.50,      59.62) |                                          0
  [     59.62,      59.75) |                                          0
  [     59.75,      59.88) |                                          0
  [     59.88,      60.00) |                                          0
  [     60.00,      60.12) | ######################################## 36
  [     60.12,      60.25) |                                          0
  [     60.25,      60.38) |                                          0
  [     60.38,      60.50) |                                          0

settlementLegs
  [     76.00,      76.88) | ##########                               3
  [     76.88,      77.75) |                                          0
  [     77.75,      78.62) | ####################                     6
  [     78.62,      79.50) | ####################                     6
  [     79.50,      80.38) | ####################                     6
  [     80.38,      81.25) | ##########                               3
  [     81.25,      82.12) |                                          0
  [     82.12,      83.00) | ######################################## 12

x402Total
  [     -0.50,      -0.38) |                                          0
  [     -0.38,      -0.25) |                                          0
  [     -0.25,      -0.12) |                                          0
  [     -0.12,       0.00) |                                          0
  [      0.00,       0.12) | ######################################## 36
  [      0.12,       0.25) |                                          0
  [      0.25,       0.38) |                                          0
  [      0.38,       0.50) |                                          0

deniedWorkers
  [     -0.50,      -0.38) |                                          0
  [     -0.38,      -0.25) |                                          0
  [     -0.25,      -0.12) |                                          0
  [     -0.12,       0.00) |                                          0
  [      0.00,       0.12) | ######################################## 36
  [      0.12,       0.25) |                                          0
  [      0.25,       0.38) |                                          0
  [      0.38,       0.50) |                                          0

=== Descriptive Statistics — mode=synthetic ===
                count          mean           std           min            5%           25%           50%           75%           95%           max   skew   kurt
seed             36.0  6.584770e+08  8.007881e+08  2.026083e+08  2.026083e+08  2.026083e+08  2.026083e+08  6.584770e+08  2.026083e+09  2.026083e+09  1.206 -0.582
role_pnl         36.0 -3.598831e-01  1.186384e+01 -2.684629e+01 -1.887046e+01 -8.533490e+00  2.328829e+00  8.382253e+00  1.443738e+01  2.601067e+01 -0.247 -0.392
wallet_sum_pnl   36.0 -1.094032e-15  2.173069e-14 -5.240253e-14 -5.240253e-14 -1.077610e-14  6.550316e-15  1.448841e-14  2.509104e-14  2.509104e-14 -1.063  0.480
realizedAbs      36.0  7.800993e+01  2.193045e+01  5.415571e+01  5.415571e+01  6.226493e+01  7.426664e+01  8.526163e+01  1.377722e+02  1.377722e+02  1.567  2.682
minSpot          36.0  4.840181e-02  2.857791e-03  4.291081e-02  4.291081e-02  4.686929e-02  4.928802e-02  5.060727e-02  5.171547e-02  5.171547e-02 -0.906 -0.397
maxSpot          36.0  8.626206e-02  2.523918e-03  8.383578e-02  8.383578e-02  8.489682e-02  8.528908e-02  8.660385e-02  9.309621e-02  9.309621e-02  1.713  2.522
minCurve         36.0  4.422917e-02  7.130793e-04  4.300000e-02  4.300000e-02  4.350000e-02  4.450000e-02  4.456250e-02  4.550000e-02  4.550000e-02 -0.075 -0.839
maxCurve         36.0  9.895833e-02  2.505351e-03  9.500000e-02  9.500000e-02  9.712500e-02  9.900000e-02  1.006250e-01  1.035000e-01  1.035000e-01 -0.052 -0.793
rounds           36.0  6.000000e+01  0.000000e+00  6.000000e+01  6.000000e+01  6.000000e+01  6.000000e+01  6.000000e+01  6.000000e+01  6.000000e+01  0.000  0.000
settlementLegs   36.0  8.075000e+01  1.991051e+00  7.800000e+01  7.800000e+01  7.950000e+01  8.100000e+01  8.225000e+01  8.400000e+01  8.400000e+01 -0.047 -1.090
x402Total        36.0  0.000000e+00  0.000000e+00  0.000000e+00  0.000000e+00  0.000000e+00  0.000000e+00  0.000000e+00  0.000000e+00  0.000000e+00  0.000  0.000
deniedWorkers    36.0  0.000000e+00  0.000000e+00  0.000000e+00  0.000000e+00  0.000000e+00  0.000000e+00  0.000000e+00  0.000000e+00  0.000000e+00  0.000  0.000

=== Histograms — mode=synthetic ===

seed
  [202608311.00, 430542661.12) | ######################################## 27
  [430542661.12, 658477011.25) |                                          0
  [658477011.25, 886411361.38) |                                          0
  [886411361.38, 1114345711.50) |                                          0
  [1114345711.50, 1342280061.62) |                                          0
  [1342280061.62, 1570214411.75) |                                          0
  [1570214411.75, 1798148761.88) |                                          0
  [1798148761.88, 2026083112.00) | #############                            9

role_pnl
  [    -26.85,     -20.24) | ####                                     1
  [    -20.24,     -13.63) | ######################                   5
  [    -13.63,      -7.02) | ######################                   5
  [     -7.02,      -0.42) | #################                        4
  [     -0.42,       6.19) | ######################################## 9
  [      6.19,      12.80) | ###################################      8
  [     12.80,      19.40) | #############                            3
  [     19.40,      26.01) | ####                                     1

wallet_sum_pnl
  [     -0.00,      -0.00) | #############                            3
  [     -0.00,      -0.00) |                                          0
  [     -0.00,      -0.00) | #############                            3
  [     -0.00,      -0.00) | #############                            3
  [     -0.00,      -0.00) | ##########################               6
  [     -0.00,       0.00) | #############                            3
  [      0.00,       0.00) | ######################################## 9
  [      0.00,       0.00) | ######################################## 9

realizedAbs
  [     54.16,      64.61) | ######################################## 12
  [     64.61,      75.06) | ####################                     6
  [     75.06,      85.51) | ##############################           9
  [     85.51,      95.96) | ####################                     6
  [     95.96,     106.42) |                                          0
  [    106.42,     116.87) |                                          0
  [    116.87,     127.32) |                                          0
  [    127.32,     137.77) | ##########                               3

minSpot
  [      0.04,       0.04) | ##########################               6
  [      0.04,       0.05) |                                          0
  [      0.05,       0.05) |                                          0
  [      0.05,       0.05) | ##########################               6
  [      0.05,       0.05) |                                          0
  [      0.05,       0.05) | ##########################               6
  [      0.05,       0.05) | ######################################## 9
  [      0.05,       0.05) | ######################################## 9

maxSpot
  [      0.08,       0.08) | ##############################           9
  [      0.08,       0.09) | ######################################## 12
  [      0.09,       0.09) | ####################                     6
  [      0.09,       0.09) | ##########                               3
  [      0.09,       0.09) | ##########                               3
  [      0.09,       0.09) |                                          0
  [      0.09,       0.09) |                                          0
  [      0.09,       0.09) | ##########                               3

minCurve
  [      0.04,       0.04) | ##########                               3
  [      0.04,       0.04) | ##############################           9
  [      0.04,       0.04) |                                          0
  [      0.04,       0.04) | ##########                               3
  [      0.04,       0.04) | ######################################## 12
  [      0.04,       0.04) | ##########                               3
  [      0.04,       0.05) | ##########                               3
  [      0.05,       0.05) | ##########                               3

maxCurve
  [      0.10,       0.10) | ######################################## 9
  [      0.10,       0.10) |                                          0
  [      0.10,       0.10) | #############                            3
  [      0.10,       0.10) | ######################################## 9
  [      0.10,       0.10) | #############                            3
  [      0.10,       0.10) | ##########################               6
  [      0.10,       0.10) | #############                            3
  [      0.10,       0.10) | #############                            3

rounds
  [     59.50,      59.62) |                                          0
  [     59.62,      59.75) |                                          0
  [     59.75,      59.88) |                                          0
  [     59.88,      60.00) |                                          0
  [     60.00,      60.12) | ######################################## 36
  [     60.12,      60.25) |                                          0
  [     60.25,      60.38) |                                          0
  [     60.38,      60.50) |                                          0

settlementLegs
  [     78.00,      78.75) | ######################################## 9
  [     78.75,      79.50) |                                          0
  [     79.50,      80.25) | ##########################               6
  [     80.25,      81.00) |                                          0
  [     81.00,      81.75) | ######################################## 9
  [     81.75,      82.50) | #############                            3
  [     82.50,      83.25) | ##########################               6
  [     83.25,      84.00) | #############                            3

x402Total
  [     -0.50,      -0.38) |                                          0
  [     -0.38,      -0.25) |                                          0
  [     -0.25,      -0.12) |                                          0
  [     -0.12,       0.00) |                                          0
  [      0.00,       0.12) | ######################################## 36
  [      0.12,       0.25) |                                          0
  [      0.25,       0.38) |                                          0
  [      0.38,       0.50) |                                          0

deniedWorkers
  [     -0.50,      -0.38) |                                          0
  [     -0.38,      -0.25) |                                          0
  [     -0.25,      -0.12) |                                          0
  [     -0.12,       0.00) |                                          0
  [      0.00,       0.12) | ######################################## 36
  [      0.12,       0.25) |                                          0
  [      0.25,       0.38) |                                          0
  [      0.38,       0.50) |                                          0

=== Descriptive Statistics — mode=x402 ===
                count          mean           std           min            5%           25%           50%           75%           95%           max   skew   kurt
seed             36.0  6.584770e+08  8.007881e+08  2.026083e+08  2.026083e+08  2.026083e+08  2.026083e+08  6.584770e+08  2.026083e+09  2.026083e+09  1.206 -0.582
role_pnl         36.0 -3.598831e-01  1.186384e+01 -2.684629e+01 -1.887046e+01 -8.533490e+00  2.328829e+00  8.382253e+00  1.443738e+01  2.601067e+01 -0.247 -0.392
wallet_sum_pnl   36.0 -1.094032e-15  2.173069e-14 -5.240253e-14 -5.240253e-14 -1.077610e-14  6.550316e-15  1.448841e-14  2.509104e-14  2.509104e-14 -1.063  0.480
realizedAbs      36.0  7.800993e+01  2.193045e+01  5.415571e+01  5.415571e+01  6.226493e+01  7.426664e+01  8.526163e+01  1.377722e+02  1.377722e+02  1.567  2.682
minSpot          36.0  4.840181e-02  2.857791e-03  4.291081e-02  4.291081e-02  4.686929e-02  4.928802e-02  5.060727e-02  5.171547e-02  5.171547e-02 -0.906 -0.397
maxSpot          36.0  8.626206e-02  2.523918e-03  8.383578e-02  8.383578e-02  8.489682e-02  8.528908e-02  8.660385e-02  9.309621e-02  9.309621e-02  1.713  2.522
minCurve         36.0  4.422917e-02  7.130793e-04  4.300000e-02  4.300000e-02  4.350000e-02  4.450000e-02  4.456250e-02  4.550000e-02  4.550000e-02 -0.075 -0.839
maxCurve         36.0  9.895833e-02  2.505351e-03  9.500000e-02  9.500000e-02  9.712500e-02  9.900000e-02  1.006250e-01  1.035000e-01  1.035000e-01 -0.052 -0.793
rounds           36.0  6.000000e+01  0.000000e+00  6.000000e+01  6.000000e+01  6.000000e+01  6.000000e+01  6.000000e+01  6.000000e+01  6.000000e+01  0.000  0.000
settlementLegs   36.0  8.075000e+01  1.991051e+00  7.800000e+01  7.800000e+01  7.950000e+01  8.100000e+01  8.225000e+01  8.400000e+01  8.400000e+01 -0.047 -1.090
x402Total        36.0  3.262115e+02  2.741244e+01  2.839159e+02  2.839159e+02  3.088285e+02  3.230097e+02  3.522172e+02  3.715489e+02  3.715489e+02  0.123 -1.177
deniedWorkers    36.0  0.000000e+00  0.000000e+00  0.000000e+00  0.000000e+00  0.000000e+00  0.000000e+00  0.000000e+00  0.000000e+00  0.000000e+00  0.000  0.000

=== Histograms — mode=x402 ===

seed
  [202608311.00, 430542661.12) | ######################################## 27
  [430542661.12, 658477011.25) |                                          0
  [658477011.25, 886411361.38) |                                          0
  [886411361.38, 1114345711.50) |                                          0
  [1114345711.50, 1342280061.62) |                                          0
  [1342280061.62, 1570214411.75) |                                          0
  [1570214411.75, 1798148761.88) |                                          0
  [1798148761.88, 2026083112.00) | #############                            9

role_pnl
  [    -26.85,     -20.24) | ####                                     1
  [    -20.24,     -13.63) | ######################                   5
  [    -13.63,      -7.02) | ######################                   5
  [     -7.02,      -0.42) | #################                        4
  [     -0.42,       6.19) | ######################################## 9
  [      6.19,      12.80) | ###################################      8
  [     12.80,      19.40) | #############                            3
  [     19.40,      26.01) | ####                                     1

wallet_sum_pnl
  [     -0.00,      -0.00) | #############                            3
  [     -0.00,      -0.00) |                                          0
  [     -0.00,      -0.00) | #############                            3
  [     -0.00,      -0.00) | #############                            3
  [     -0.00,      -0.00) | ##########################               6
  [     -0.00,       0.00) | #############                            3
  [      0.00,       0.00) | ######################################## 9
  [      0.00,       0.00) | ######################################## 9

realizedAbs
  [     54.16,      64.61) | ######################################## 12
  [     64.61,      75.06) | ####################                     6
  [     75.06,      85.51) | ##############################           9
  [     85.51,      95.96) | ####################                     6
  [     95.96,     106.42) |                                          0
  [    106.42,     116.87) |                                          0
  [    116.87,     127.32) |                                          0
  [    127.32,     137.77) | ##########                               3

minSpot
  [      0.04,       0.04) | ##########################               6
  [      0.04,       0.05) |                                          0
  [      0.05,       0.05) |                                          0
  [      0.05,       0.05) | ##########################               6
  [      0.05,       0.05) |                                          0
  [      0.05,       0.05) | ##########################               6
  [      0.05,       0.05) | ######################################## 9
  [      0.05,       0.05) | ######################################## 9

maxSpot
  [      0.08,       0.08) | ##############################           9
  [      0.08,       0.09) | ######################################## 12
  [      0.09,       0.09) | ####################                     6
  [      0.09,       0.09) | ##########                               3
  [      0.09,       0.09) | ##########                               3
  [      0.09,       0.09) |                                          0
  [      0.09,       0.09) |                                          0
  [      0.09,       0.09) | ##########                               3

minCurve
  [      0.04,       0.04) | ##########                               3
  [      0.04,       0.04) | ##############################           9
  [      0.04,       0.04) |                                          0
  [      0.04,       0.04) | ##########                               3
  [      0.04,       0.04) | ######################################## 12
  [      0.04,       0.04) | ##########                               3
  [      0.04,       0.05) | ##########                               3
  [      0.05,       0.05) | ##########                               3

maxCurve
  [      0.10,       0.10) | ######################################## 9
  [      0.10,       0.10) |                                          0
  [      0.10,       0.10) | #############                            3
  [      0.10,       0.10) | ######################################## 9
  [      0.10,       0.10) | #############                            3
  [      0.10,       0.10) | ##########################               6
  [      0.10,       0.10) | #############                            3
  [      0.10,       0.10) | #############                            3

rounds
  [     59.50,      59.62) |                                          0
  [     59.62,      59.75) |                                          0
  [     59.75,      59.88) |                                          0
  [     59.88,      60.00) |                                          0
  [     60.00,      60.12) | ######################################## 36
  [     60.12,      60.25) |                                          0
  [     60.25,      60.38) |                                          0
  [     60.38,      60.50) |                                          0

settlementLegs
  [     78.00,      78.75) | ######################################## 9
  [     78.75,      79.50) |                                          0
  [     79.50,      80.25) | ##########################               6
  [     80.25,      81.00) |                                          0
  [     81.00,      81.75) | ######################################## 9
  [     81.75,      82.50) | #############                            3
  [     82.50,      83.25) | ##########################               6
  [     83.25,      84.00) | #############                            3

x402Total
  [    283.92,     294.87) | ##########################               6
  [    294.87,     305.82) | #############                            3
  [    305.82,     316.78) | ######################################## 9
  [    316.78,     327.73) |                                          0
  [    327.73,     338.69) | ##########################               6
  [    338.69,     349.64) |                                          0
  [    349.64,     360.59) | ######################################## 9
  [    360.59,     371.55) | #############                            3

deniedWorkers
  [     -0.50,      -0.38) |                                          0
  [     -0.38,      -0.25) |                                          0
  [     -0.25,      -0.12) |                                          0
  [     -0.12,       0.00) |                                          0
  [      0.00,       0.12) | ######################################## 36
  [      0.12,       0.25) |                                          0
  [      0.25,       0.38) |                                          0
  [      0.38,       0.50) |                                          0


Stats saved to out/programmatic-eda/compute-futures-2026-08-31/distributions_by_mode.csv
