=== Descriptive Statistics — mode=basket ===
                count          mean           std           min            5%           25%           50%           75%           95%           max   skew   kurt
seed             36.0  6.584768e+08  8.007879e+08  2.026083e+08  2.026083e+08  2.026083e+08  2.026083e+08  6.584768e+08  2.026083e+09  2.026083e+09  1.206 -0.582
role_pnl         36.0 -1.273945e+00  3.534282e+01 -9.007642e+01 -5.977353e+01 -2.502245e+01  6.093764e+00  2.066522e+01  4.372868e+01  6.019215e+01 -0.681  0.146
wallet_sum_pnl   36.0  8.613480e-15  2.972450e-14 -4.174439e-14 -4.174439e-14 -7.549517e-15 -5.551115e-16  3.630429e-14  5.329071e-14  5.329071e-14  0.099 -1.035
realizedAbs      36.0  2.262739e+02  5.202421e+01  1.451237e+02  1.451237e+02  2.067426e+02  2.198044e+02  2.398054e+02  3.390332e+02  3.390332e+02  0.522  0.237
minSpot          36.0  1.213911e-01  3.407964e-03  1.152737e-01  1.152737e-01  1.199066e-01  1.216254e-01  1.245807e-01  1.255479e-01  1.255479e-01 -0.597 -0.697
maxSpot          36.0  2.134271e-01  5.521189e-03  2.058792e-01  2.058792e-01  2.091764e-01  2.126435e-01  2.153248e-01  2.254860e-01  2.254860e-01  0.837  0.052
minCurve         36.0  1.099167e-01  4.076939e-03  1.030000e-01  1.030000e-01  1.076250e-01  1.105000e-01  1.131250e-01  1.150000e-01  1.150000e-01 -0.526 -1.070
maxCurve         36.0  2.467500e-01  8.162195e-03  2.370000e-01  2.370000e-01  2.391250e-01  2.460000e-01  2.508750e-01  2.630000e-01  2.630000e-01  0.511 -0.741
rounds           36.0  6.000000e+01  0.000000e+00  6.000000e+01  6.000000e+01  6.000000e+01  6.000000e+01  6.000000e+01  6.000000e+01  6.000000e+01  0.000  0.000
settlementLegs   36.0  8.008333e+01  1.518928e+00  7.800000e+01  7.800000e+01  7.950000e+01  8.000000e+01  8.100000e+01  8.300000e+01  8.300000e+01  0.162 -0.527
x402Total        36.0  0.000000e+00  0.000000e+00  0.000000e+00  0.000000e+00  0.000000e+00  0.000000e+00  0.000000e+00  0.000000e+00  0.000000e+00  0.000  0.000
deniedWorkers    36.0  0.000000e+00  0.000000e+00  0.000000e+00  0.000000e+00  0.000000e+00  0.000000e+00  0.000000e+00  0.000000e+00  0.000000e+00  0.000  0.000

=== Histograms — mode=basket ===

seed
  [202608251.00, 430542533.62) | ######################################## 27
  [430542533.62, 658476816.25) |                                          0
  [658476816.25, 886411098.88) |                                          0
  [886411098.88, 1114345381.50) |                                          0
  [1114345381.50, 1342279664.12) |                                          0
  [1342279664.12, 1570213946.75) |                                          0
  [1570213946.75, 1798148229.38) |                                          0
  [1798148229.38, 2026082512.00) | #############                            9

role_pnl
  [    -90.08,     -71.29) | #######                                  2
  [    -71.29,     -52.51) |                                          0
  [    -52.51,     -33.73) | #####################                    6
  [    -33.73,     -14.94) | ##############                           4
  [    -14.94,       3.84) | ##############                           4
  [      3.84,      22.63) | ######################################## 11
  [     22.63,      41.41) | #########################                7
  [     41.41,      60.19) | #######                                  2

wallet_sum_pnl
  [     -0.00,      -0.00) | #############                            3
  [     -0.00,      -0.00) | #############                            3
  [     -0.00,      -0.00) | ##########################               6
  [     -0.00,       0.00) | ######################################## 9
  [      0.00,       0.00) | #############                            3
  [      0.00,       0.00) |                                          0
  [      0.00,       0.00) | ##########################               6
  [      0.00,       0.00) | ##########################               6

realizedAbs
  [    145.12,     169.36) | ####################                     6
  [    169.36,     193.60) |                                          0
  [    193.60,     217.84) | ######################################## 12
  [    217.84,     242.08) | ##############################           9
  [    242.08,     266.32) |                                          0
  [    266.32,     290.56) | ####################                     6
  [    290.56,     314.79) |                                          0
  [    314.79,     339.03) | ##########                               3

minSpot
  [      0.12,       0.12) | ####################                     6
  [      0.12,       0.12) |                                          0
  [      0.12,       0.12) |                                          0
  [      0.12,       0.12) | ####################                     6
  [      0.12,       0.12) | ####################                     6
  [      0.12,       0.12) | ####################                     6
  [      0.12,       0.12) |                                          0
  [      0.12,       0.13) | ######################################## 12

maxSpot
  [      0.21,       0.21) | ####################                     6
  [      0.21,       0.21) | ##############################           9
  [      0.21,       0.21) | ##########                               3
  [      0.21,       0.22) | ######################################## 12
  [      0.22,       0.22) |                                          0
  [      0.22,       0.22) |                                          0
  [      0.22,       0.22) | ##########                               3
  [      0.22,       0.23) | ##########                               3

minCurve
  [      0.10,       0.10) | ##########################               6
  [      0.10,       0.11) | #############                            3
  [      0.11,       0.11) |                                          0
  [      0.11,       0.11) | #############                            3
  [      0.11,       0.11) | ##########################               6
  [      0.11,       0.11) | #############                            3
  [      0.11,       0.11) | ##########################               6
  [      0.11,       0.12) | ######################################## 9

maxCurve
  [      0.24,       0.24) | ######################################## 12
  [      0.24,       0.24) |                                          0
  [      0.24,       0.25) | ####################                     6
  [      0.25,       0.25) | ####################                     6
  [      0.25,       0.25) | ##########                               3
  [      0.25,       0.26) | ##########                               3
  [      0.26,       0.26) | ##########                               3
  [      0.26,       0.26) | ##########                               3

rounds
  [     59.50,      59.62) |                                          0
  [     59.62,      59.75) |                                          0
  [     59.75,      59.88) |                                          0
  [     59.88,      60.00) |                                          0
  [     60.00,      60.12) | ######################################## 36
  [     60.12,      60.25) |                                          0
  [     60.25,      60.38) |                                          0
  [     60.38,      60.50) |                                          0

settlementLegs
  [     78.00,      78.62) | ########################                 9
  [     78.62,      79.25) |                                          0
  [     79.25,      79.88) |                                          0
  [     79.88,      80.50) | ######################################## 15
  [     80.50,      81.12) | ################                         6
  [     81.12,      81.75) |                                          0
  [     81.75,      82.38) | ########                                 3
  [     82.38,      83.00) | ########                                 3

x402Total
  [     -0.50,      -0.38) |                                          0
  [     -0.38,      -0.25) |                                          0
  [     -0.25,      -0.12) |                                          0
  [     -0.12,       0.00) |                                          0
  [      0.00,       0.12) | ######################################## 36
  [      0.12,       0.25) |                                          0
  [      0.25,       0.38) |                                          0
  [      0.38,       0.50) |                                          0

deniedWorkers
  [     -0.50,      -0.38) |                                          0
  [     -0.38,      -0.25) |                                          0
  [     -0.25,      -0.12) |                                          0
  [     -0.12,       0.00) |                                          0
  [      0.00,       0.12) | ######################################## 36
  [      0.12,       0.25) |                                          0
  [      0.25,       0.38) |                                          0
  [      0.38,       0.50) |                                          0

=== Descriptive Statistics — mode=spread ===
                count          mean           std           min            5%           25%           50%           75%           95%           max   skew   kurt
seed             36.0  6.584768e+08  8.007879e+08  2.026083e+08  2.026083e+08  2.026083e+08  2.026083e+08  6.584768e+08  2.026083e+09  2.026083e+09  1.206 -0.582
role_pnl         36.0 -4.613079e+02  9.019195e+03 -2.525963e+04 -1.604027e+04 -5.722819e+03  1.443682e+03  5.210544e+03  1.111861e+04  1.389850e+04 -0.731  0.363
wallet_sum_pnl   36.0 -5.755396e-13  4.963463e-12 -8.640200e-12 -8.640200e-12 -3.012701e-12 -3.410605e-13  2.643219e-12  8.185452e-12  8.185452e-12 -0.164 -0.660
realizedAbs      36.0  4.786662e+04  1.150009e+04  2.959249e+04  2.959249e+04  4.195256e+04  4.715726e+04  5.246879e+04  7.688763e+04  7.688763e+04  0.957  1.714
minSpot          36.0  4.216451e+01  1.155929e+00  3.973047e+01  3.973047e+01  4.142479e+01  4.228403e+01  4.300786e+01  4.379700e+01  4.379700e+01 -0.493 -0.325
maxSpot          36.0  6.537522e+01  3.207419e+00  5.896290e+01  5.896290e+01  6.334353e+01  6.607015e+01  6.766672e+01  6.993622e+01  6.993622e+01 -0.453 -0.696
minCurve         36.0  3.963142e+01  8.903162e-01  3.805750e+01  3.805750e+01  3.908825e+01  3.976400e+01  4.036675e+01  4.075850e+01  4.075850e+01 -0.468 -1.136
maxCurve         36.0  7.105758e+01  1.881135e+00  6.923850e+01  6.923850e+01  7.021937e+01  7.038100e+01  7.166250e+01  7.667650e+01  7.667650e+01  2.277  4.964
rounds           36.0  6.000000e+01  0.000000e+00  6.000000e+01  6.000000e+01  6.000000e+01  6.000000e+01  6.000000e+01  6.000000e+01  6.000000e+01  0.000  0.000
settlementLegs   36.0  8.091667e+01  1.826394e+00  7.800000e+01  7.800000e+01  7.900000e+01  8.200000e+01  8.200000e+01  8.300000e+01  8.300000e+01 -0.585 -1.297
x402Total        36.0  0.000000e+00  0.000000e+00  0.000000e+00  0.000000e+00  0.000000e+00  0.000000e+00  0.000000e+00  0.000000e+00  0.000000e+00  0.000  0.000
deniedWorkers    36.0  0.000000e+00  0.000000e+00  0.000000e+00  0.000000e+00  0.000000e+00  0.000000e+00  0.000000e+00  0.000000e+00  0.000000e+00  0.000  0.000

=== Histograms — mode=spread ===

seed
  [202608251.00, 430542533.62) | ######################################## 27
  [430542533.62, 658476816.25) |                                          0
  [658476816.25, 886411098.88) |                                          0
  [886411098.88, 1114345381.50) |                                          0
  [1114345381.50, 1342279664.12) |                                          0
  [1342279664.12, 1570213946.75) |                                          0
  [1570213946.75, 1798148229.38) |                                          0
  [1798148229.38, 2026082512.00) | #############                            9

role_pnl
  [ -25259.63,  -20364.86) | ####                                     1
  [ -20364.86,  -15470.09) | ########                                 2
  [ -15470.09,  -10575.33) | ########                                 2
  [ -10575.33,   -5680.56) | ################                         4
  [  -5680.56,    -785.80) | ########################                 6
  [   -785.80,    4108.97) | ######################################## 10
  [   4108.97,    9003.73) | ########################                 6
  [   9003.73,   13898.50) | ####################                     5

wallet_sum_pnl
  [     -0.00,      -0.00) | ######################################## 6
  [     -0.00,      -0.00) | ####################                     3
  [     -0.00,      -0.00) | ####################                     3
  [     -0.00,      -0.00) | ######################################## 6
  [     -0.00,       0.00) | ######################################## 6
  [      0.00,       0.00) | ######################################## 6
  [      0.00,       0.00) | ####################                     3
  [      0.00,       0.00) | ####################                     3

realizedAbs
  [  29592.49,   35504.39) | ##########################               6
  [  35504.39,   41416.28) | #############                            3
  [  41416.28,   47328.17) | ######################################## 9
  [  47328.17,   53240.06) | ######################################## 9
  [  53240.06,   59151.96) | ##########################               6
  [  59151.96,   65063.85) |                                          0
  [  65063.85,   70975.74) |                                          0
  [  70975.74,   76887.63) | #############                            3

minSpot
  [     39.73,      40.24) | ####################                     3
  [     40.24,      40.75) |                                          0
  [     40.75,      41.26) | ####################                     3
  [     41.26,      41.76) | ######################################## 6
  [     41.76,      42.27) | ######################################## 6
  [     42.27,      42.78) | ######################################## 6
  [     42.78,      43.29) | ######################################## 6
  [     43.29,      43.80) | ######################################## 6

maxSpot
  [     58.96,      60.33) | #############                            3
  [     60.33,      61.71) | #############                            3
  [     61.71,      63.08) | #############                            3
  [     63.08,      64.45) | ##########################               6
  [     64.45,      65.82) |                                          0
  [     65.82,      67.19) | ##########################               6
  [     67.19,      68.56) | ######################################## 9
  [     68.56,      69.94) | ##########################               6

minCurve
  [     38.06,      38.40) | ##########################               6
  [     38.40,      38.73) | #############                            3
  [     38.73,      39.07) |                                          0
  [     39.07,      39.41) | ##########################               6
  [     39.41,      39.75) | #############                            3
  [     39.75,      40.08) | #############                            3
  [     40.08,      40.42) | ##########################               6
  [     40.42,      40.76) | ######################################## 9

maxCurve
  [     69.24,      70.17) | ########################                 9
  [     70.17,      71.10) | ######################################## 15
  [     71.10,      72.03) | ########################                 9
  [     72.03,      72.96) |                                          0
  [     72.96,      73.89) |                                          0
  [     73.89,      74.82) |                                          0
  [     74.82,      75.75) |                                          0
  [     75.75,      76.68) | ########                                 3

rounds
  [     59.50,      59.62) |                                          0
  [     59.62,      59.75) |                                          0
  [     59.75,      59.88) |                                          0
  [     59.88,      60.00) |                                          0
  [     60.00,      60.12) | ######################################## 36
  [     60.12,      60.25) |                                          0
  [     60.25,      60.38) |                                          0
  [     60.38,      60.50) |                                          0

settlementLegs
  [     78.00,      78.62) | ################                         6
  [     78.62,      79.25) | ################                         6
  [     79.25,      79.88) |                                          0
  [     79.88,      80.50) |                                          0
  [     80.50,      81.12) | ########                                 3
  [     81.12,      81.75) |                                          0
  [     81.75,      82.38) | ######################################## 15
  [     82.38,      83.00) | ################                         6

x402Total
  [     -0.50,      -0.38) |                                          0
  [     -0.38,      -0.25) |                                          0
  [     -0.25,      -0.12) |                                          0
  [     -0.12,       0.00) |                                          0
  [      0.00,       0.12) | ######################################## 36
  [      0.12,       0.25) |                                          0
  [      0.25,       0.38) |                                          0
  [      0.38,       0.50) |                                          0

deniedWorkers
  [     -0.50,      -0.38) |                                          0
  [     -0.38,      -0.25) |                                          0
  [     -0.25,      -0.12) |                                          0
  [     -0.12,       0.00) |                                          0
  [      0.00,       0.12) | ######################################## 36
  [      0.12,       0.25) |                                          0
  [      0.25,       0.38) |                                          0
  [      0.38,       0.50) |                                          0

=== Descriptive Statistics — mode=synthetic ===
                count          mean           std           min            5%           25%           50%           75%           95%           max   skew   kurt
seed             36.0  6.584768e+08  8.007879e+08  2.026083e+08  2.026083e+08  2.026083e+08  2.026083e+08  6.584768e+08  2.026083e+09  2.026083e+09  1.206 -0.582
role_pnl         36.0 -5.704113e-01  1.321495e+01 -3.395708e+01 -2.303062e+01 -9.672792e+00  3.349191e+00  8.486310e+00  1.573423e+01  2.484859e+01 -0.651  0.241
wallet_sum_pnl   36.0  4.755455e-15  1.184982e-14 -2.042810e-14 -2.042810e-14 -2.109424e-15  4.329870e-15  1.199041e-14  2.753353e-14  2.753353e-14 -0.207  0.359
realizedAbs      36.0  8.885619e+01  2.064286e+01  5.366882e+01  5.366882e+01  8.258751e+01  8.583498e+01  9.453831e+01  1.310915e+02  1.310915e+02  0.346  0.007
minSpot          36.0  4.855642e-02  1.363185e-03  4.610946e-02  4.610946e-02  4.796263e-02  4.865016e-02  4.983230e-02  5.021918e-02  5.021918e-02 -0.597 -0.697
maxSpot          36.0  8.537083e-02  2.208476e-03  8.235167e-02  8.235167e-02  8.367056e-02  8.505741e-02  8.612993e-02  9.019440e-02  9.019440e-02  0.837  0.052
minCurve         36.0  4.333333e-02  1.378405e-03  4.150000e-02  4.150000e-02  4.237500e-02  4.325000e-02  4.412500e-02  4.600000e-02  4.600000e-02  0.343 -0.816
maxCurve         36.0  9.879167e-02  3.328181e-03  9.500000e-02  9.500000e-02  9.587500e-02  9.850000e-02  1.003750e-01  1.055000e-01  1.055000e-01  0.626 -0.640
rounds           36.0  6.000000e+01  0.000000e+00  6.000000e+01  6.000000e+01  6.000000e+01  6.000000e+01  6.000000e+01  6.000000e+01  6.000000e+01  0.000  0.000
settlementLegs   36.0  8.066667e+01  1.772811e+00  7.700000e+01  7.700000e+01  8.000000e+01  8.100000e+01  8.200000e+01  8.300000e+01  8.300000e+01 -0.633 -0.210
x402Total        36.0  0.000000e+00  0.000000e+00  0.000000e+00  0.000000e+00  0.000000e+00  0.000000e+00  0.000000e+00  0.000000e+00  0.000000e+00  0.000  0.000
deniedWorkers    36.0  0.000000e+00  0.000000e+00  0.000000e+00  0.000000e+00  0.000000e+00  0.000000e+00  0.000000e+00  0.000000e+00  0.000000e+00  0.000  0.000

=== Histograms — mode=synthetic ===

seed
  [202608251.00, 430542533.62) | ######################################## 27
  [430542533.62, 658476816.25) |                                          0
  [658476816.25, 886411098.88) |                                          0
  [886411098.88, 1114345381.50) |                                          0
  [1114345381.50, 1342279664.12) |                                          0
  [1342279664.12, 1570213946.75) |                                          0
  [1570213946.75, 1798148229.38) |                                          0
  [1798148229.38, 2026082512.00) | #############                            9

role_pnl
  [    -33.96,     -26.61) | ######                                   2
  [    -26.61,     -19.26) | ###                                      1
  [    -19.26,     -11.90) | ##################                       6
  [    -11.90,      -4.55) | #########                                3
  [     -4.55,       2.80) | ###############                          5
  [      2.80,      10.15) | ######################################## 13
  [     10.15,      17.50) | ###############                          5
  [     17.50,      24.85) | ###                                      1

wallet_sum_pnl
  [     -0.00,      -0.00) | ##########                               3
  [     -0.00,      -0.00) |                                          0
  [     -0.00,      -0.00) | ####################                     6
  [     -0.00,       0.00) | ##############################           9
  [      0.00,       0.00) | ##########                               3
  [      0.00,       0.00) | ######################################## 12
  [      0.00,       0.00) |                                          0
  [      0.00,       0.00) | ##########                               3

realizedAbs
  [     53.67,      63.35) | #############                            6
  [     63.35,      73.02) |                                          0
  [     73.02,      82.70) | ######                                   3
  [     82.70,      92.38) | ######################################## 18
  [     92.38,     102.06) |                                          0
  [    102.06,     111.74) | ######                                   3
  [    111.74,     121.41) | ######                                   3
  [    121.41,     131.09) | ######                                   3

minSpot
  [      0.05,       0.05) | ####################                     6
  [      0.05,       0.05) |                                          0
  [      0.05,       0.05) |                                          0
  [      0.05,       0.05) | ####################                     6
  [      0.05,       0.05) | ####################                     6
  [      0.05,       0.05) | ####################                     6
  [      0.05,       0.05) |                                          0
  [      0.05,       0.05) | ######################################## 12

maxSpot
  [      0.08,       0.08) | ####################                     6
  [      0.08,       0.08) | ##############################           9
  [      0.08,       0.09) | ##########                               3
  [      0.09,       0.09) | ######################################## 12
  [      0.09,       0.09) |                                          0
  [      0.09,       0.09) |                                          0
  [      0.09,       0.09) | ##########                               3
  [      0.09,       0.09) | ##########                               3

minCurve
  [      0.04,       0.04) | ######################################## 9
  [      0.04,       0.04) | ##########################               6
  [      0.04,       0.04) | #############                            3
  [      0.04,       0.04) | #############                            3
  [      0.04,       0.04) | ##########################               6
  [      0.04,       0.04) | #############                            3
  [      0.04,       0.05) | #############                            3
  [      0.05,       0.05) | #############                            3

maxCurve
  [      0.10,       0.10) | ######################################## 12
  [      0.10,       0.10) | ####################                     6
  [      0.10,       0.10) |                                          0
  [      0.10,       0.10) | ##############################           9
  [      0.10,       0.10) | ##########                               3
  [      0.10,       0.10) |                                          0
  [      0.10,       0.10) | ##########                               3
  [      0.10,       0.11) | ##########                               3

rounds
  [     59.50,      59.62) |                                          0
  [     59.62,      59.75) |                                          0
  [     59.75,      59.88) |                                          0
  [     59.88,      60.00) |                                          0
  [     60.00,      60.12) | ######################################## 36
  [     60.12,      60.25) |                                          0
  [     60.25,      60.38) |                                          0
  [     60.38,      60.50) |                                          0

settlementLegs
  [     77.00,      77.75) | #############                            3
  [     77.75,      78.50) | #############                            3
  [     78.50,      79.25) |                                          0
  [     79.25,      80.00) |                                          0
  [     80.00,      80.75) | ######################################## 9
  [     80.75,      81.50) | ######################################## 9
  [     81.50,      82.25) | ##########################               6
  [     82.25,      83.00) | ##########################               6

x402Total
  [     -0.50,      -0.38) |                                          0
  [     -0.38,      -0.25) |                                          0
  [     -0.25,      -0.12) |                                          0
  [     -0.12,       0.00) |                                          0
  [      0.00,       0.12) | ######################################## 36
  [      0.12,       0.25) |                                          0
  [      0.25,       0.38) |                                          0
  [      0.38,       0.50) |                                          0

deniedWorkers
  [     -0.50,      -0.38) |                                          0
  [     -0.38,      -0.25) |                                          0
  [     -0.25,      -0.12) |                                          0
  [     -0.12,       0.00) |                                          0
  [      0.00,       0.12) | ######################################## 36
  [      0.12,       0.25) |                                          0
  [      0.25,       0.38) |                                          0
  [      0.38,       0.50) |                                          0

=== Descriptive Statistics — mode=x402 ===
                count          mean           std           min            5%           25%           50%           75%           95%           max   skew   kurt
seed             36.0  6.584768e+08  8.007879e+08  2.026083e+08  2.026083e+08  2.026083e+08  2.026083e+08  6.584768e+08  2.026083e+09  2.026083e+09  1.206 -0.582
role_pnl         36.0 -5.704113e-01  1.321495e+01 -3.395708e+01 -2.303062e+01 -9.672792e+00  3.349191e+00  8.486310e+00  1.573423e+01  2.484859e+01 -0.651  0.241
wallet_sum_pnl   36.0  4.755455e-15  1.184982e-14 -2.042810e-14 -2.042810e-14 -2.109424e-15  4.329870e-15  1.199041e-14  2.753353e-14  2.753353e-14 -0.207  0.359
realizedAbs      36.0  8.885619e+01  2.064286e+01  5.366882e+01  5.366882e+01  8.258751e+01  8.583498e+01  9.453831e+01  1.310915e+02  1.310915e+02  0.346  0.007
minSpot          36.0  4.855642e-02  1.363185e-03  4.610946e-02  4.610946e-02  4.796263e-02  4.865016e-02  4.983230e-02  5.021918e-02  5.021918e-02 -0.597 -0.697
maxSpot          36.0  8.537083e-02  2.208476e-03  8.235167e-02  8.235167e-02  8.367056e-02  8.505741e-02  8.612993e-02  9.019440e-02  9.019440e-02  0.837  0.052
minCurve         36.0  4.333333e-02  1.378405e-03  4.150000e-02  4.150000e-02  4.237500e-02  4.325000e-02  4.412500e-02  4.600000e-02  4.600000e-02  0.343 -0.816
maxCurve         36.0  9.879167e-02  3.328181e-03  9.500000e-02  9.500000e-02  9.587500e-02  9.850000e-02  1.003750e-01  1.055000e-01  1.055000e-01  0.626 -0.640
rounds           36.0  6.000000e+01  0.000000e+00  6.000000e+01  6.000000e+01  6.000000e+01  6.000000e+01  6.000000e+01  6.000000e+01  6.000000e+01  0.000  0.000
settlementLegs   36.0  8.066667e+01  1.772811e+00  7.700000e+01  7.700000e+01  8.000000e+01  8.100000e+01  8.200000e+01  8.300000e+01  8.300000e+01 -0.633 -0.210
x402Total        36.0  3.267319e+02  2.723190e+01  2.744188e+02  2.744188e+02  3.152399e+02  3.332345e+02  3.462671e+02  3.626224e+02  3.626224e+02 -0.631 -0.527
deniedWorkers    36.0  0.000000e+00  0.000000e+00  0.000000e+00  0.000000e+00  0.000000e+00  0.000000e+00  0.000000e+00  0.000000e+00  0.000000e+00  0.000  0.000

=== Histograms — mode=x402 ===

seed
  [202608251.00, 430542533.62) | ######################################## 27
  [430542533.62, 658476816.25) |                                          0
  [658476816.25, 886411098.88) |                                          0
  [886411098.88, 1114345381.50) |                                          0
  [1114345381.50, 1342279664.12) |                                          0
  [1342279664.12, 1570213946.75) |                                          0
  [1570213946.75, 1798148229.38) |                                          0
  [1798148229.38, 2026082512.00) | #############                            9

role_pnl
  [    -33.96,     -26.61) | ######                                   2
  [    -26.61,     -19.26) | ###                                      1
  [    -19.26,     -11.90) | ##################                       6
  [    -11.90,      -4.55) | #########                                3
  [     -4.55,       2.80) | ###############                          5
  [      2.80,      10.15) | ######################################## 13
  [     10.15,      17.50) | ###############                          5
  [     17.50,      24.85) | ###                                      1

wallet_sum_pnl
  [     -0.00,      -0.00) | ##########                               3
  [     -0.00,      -0.00) |                                          0
  [     -0.00,      -0.00) | ####################                     6
  [     -0.00,       0.00) | ##############################           9
  [      0.00,       0.00) | ##########                               3
  [      0.00,       0.00) | ######################################## 12
  [      0.00,       0.00) |                                          0
  [      0.00,       0.00) | ##########                               3

realizedAbs
  [     53.67,      63.35) | #############                            6
  [     63.35,      73.02) |                                          0
  [     73.02,      82.70) | ######                                   3
  [     82.70,      92.38) | ######################################## 18
  [     92.38,     102.06) |                                          0
  [    102.06,     111.74) | ######                                   3
  [    111.74,     121.41) | ######                                   3
  [    121.41,     131.09) | ######                                   3

minSpot
  [      0.05,       0.05) | ####################                     6
  [      0.05,       0.05) |                                          0
  [      0.05,       0.05) |                                          0
  [      0.05,       0.05) | ####################                     6
  [      0.05,       0.05) | ####################                     6
  [      0.05,       0.05) | ####################                     6
  [      0.05,       0.05) |                                          0
  [      0.05,       0.05) | ######################################## 12

maxSpot
  [      0.08,       0.08) | ####################                     6
  [      0.08,       0.08) | ##############################           9
  [      0.08,       0.09) | ##########                               3
  [      0.09,       0.09) | ######################################## 12
  [      0.09,       0.09) |                                          0
  [      0.09,       0.09) |                                          0
  [      0.09,       0.09) | ##########                               3
  [      0.09,       0.09) | ##########                               3

minCurve
  [      0.04,       0.04) | ######################################## 9
  [      0.04,       0.04) | ##########################               6
  [      0.04,       0.04) | #############                            3
  [      0.04,       0.04) | #############                            3
  [      0.04,       0.04) | ##########################               6
  [      0.04,       0.04) | #############                            3
  [      0.04,       0.05) | #############                            3
  [      0.05,       0.05) | #############                            3

maxCurve
  [      0.10,       0.10) | ######################################## 12
  [      0.10,       0.10) | ####################                     6
  [      0.10,       0.10) |                                          0
  [      0.10,       0.10) | ##############################           9
  [      0.10,       0.10) | ##########                               3
  [      0.10,       0.10) |                                          0
  [      0.10,       0.10) | ##########                               3
  [      0.10,       0.11) | ##########                               3

rounds
  [     59.50,      59.62) |                                          0
  [     59.62,      59.75) |                                          0
  [     59.75,      59.88) |                                          0
  [     59.88,      60.00) |                                          0
  [     60.00,      60.12) | ######################################## 36
  [     60.12,      60.25) |                                          0
  [     60.25,      60.38) |                                          0
  [     60.38,      60.50) |                                          0

settlementLegs
  [     77.00,      77.75) | #############                            3
  [     77.75,      78.50) | #############                            3
  [     78.50,      79.25) |                                          0
  [     79.25,      80.00) |                                          0
  [     80.00,      80.75) | ######################################## 9
  [     80.75,      81.50) | ######################################## 9
  [     81.50,      82.25) | ##########################               6
  [     82.25,      83.00) | ##########################               6

x402Total
  [    274.42,     285.44) | ##########################               6
  [    285.44,     296.47) |                                          0
  [    296.47,     307.50) | #############                            3
  [    307.50,     318.52) | #############                            3
  [    318.52,     329.55) | #############                            3
  [    329.55,     340.57) | ######################################## 9
  [    340.57,     351.60) | ##########################               6
  [    351.60,     362.62) | ##########################               6

deniedWorkers
  [     -0.50,      -0.38) |                                          0
  [     -0.38,      -0.25) |                                          0
  [     -0.25,      -0.12) |                                          0
  [     -0.12,       0.00) |                                          0
  [      0.00,       0.12) | ######################################## 36
  [      0.12,       0.25) |                                          0
  [      0.25,       0.38) |                                          0
  [      0.38,       0.50) |                                          0


Stats saved to out/programmatic-eda/compute-futures-2026-08-25/distributions_by_mode.csv
