=== Descriptive Statistics — mode=basket ===
                count          mean           std           min            5%           25%           50%           75%           95%           max   skew   kurt
seed             36.0  6.584794e+08  8.007910e+08  2.026090e+08  2.026090e+08  2.026090e+08  2.026090e+08  6.584794e+08  2.026090e+09  2.026090e+09  1.206 -0.582
role_pnl         36.0 -7.712538e-01  2.649398e+01 -5.066974e+01 -4.319577e+01 -2.091384e+01  4.454853e+00  1.630298e+01  3.353318e+01  4.707086e+01 -0.263 -0.936
wallet_sum_pnl   36.0  6.309768e-15  1.852339e-14 -1.865175e-14 -1.865175e-14 -1.076916e-14  3.552714e-15  2.564615e-14  3.219647e-14  3.219647e-14  0.275 -1.495
realizedAbs      36.0  2.049174e+02  4.127672e+01  1.262408e+02  1.262408e+02  1.866965e+02  2.051561e+02  2.193719e+02  2.995969e+02  2.995969e+02  0.414  1.056
minSpot          36.0  1.186670e-01  5.629885e-03  1.102623e-01  1.102623e-01  1.158058e-01  1.169887e-01  1.224593e-01  1.310760e-01  1.310760e-01  0.636  0.066
maxSpot          36.0  2.093505e-01  6.720993e-03  1.997617e-01  1.997617e-01  2.038236e-01  2.095049e-01  2.136956e-01  2.213923e-01  2.213923e-01  0.048 -0.951
minCurve         36.0  1.101667e-01  2.538278e-03  1.055000e-01  1.055000e-01  1.085000e-01  1.100000e-01  1.116250e-01  1.155000e-01  1.155000e-01  0.239  0.143
maxCurve         36.0  2.470833e-01  8.640023e-03  2.305000e-01  2.305000e-01  2.415000e-01  2.457500e-01  2.528750e-01  2.640000e-01  2.640000e-01  0.125 -0.134
rounds           36.0  6.000000e+01  0.000000e+00  6.000000e+01  6.000000e+01  6.000000e+01  6.000000e+01  6.000000e+01  6.000000e+01  6.000000e+01  0.000  0.000
settlementLegs   36.0  8.050000e+01  1.276155e+00  7.800000e+01  7.800000e+01  7.975000e+01  8.100000e+01  8.125000e+01  8.200000e+01  8.200000e+01 -0.524 -0.791
x402Total        36.0  0.000000e+00  0.000000e+00  0.000000e+00  0.000000e+00  0.000000e+00  0.000000e+00  0.000000e+00  0.000000e+00  0.000000e+00  0.000  0.000
deniedWorkers    36.0  0.000000e+00  0.000000e+00  0.000000e+00  0.000000e+00  0.000000e+00  0.000000e+00  0.000000e+00  0.000000e+00  0.000000e+00  0.000  0.000

=== Histograms — mode=basket ===

seed
  [202609041.00, 430544212.38) | ######################################## 27
  [430544212.38, 658479383.75) |                                          0
  [658479383.75, 886414555.12) |                                          0
  [886414555.12, 1114349726.50) |                                          0
  [1114349726.50, 1342284897.88) |                                          0
  [1342284897.88, 1570220069.25) |                                          0
  [1570220069.25, 1798155240.62) |                                          0
  [1798155240.62, 2026090412.00) | #############                            9

role_pnl
  [    -50.67,     -38.45) | ####################                     4
  [    -38.45,     -26.23) | ####################                     4
  [    -26.23,     -14.02) | ###############                          3
  [    -14.02,      -1.80) | ####################                     4
  [     -1.80,      10.42) | ######################################## 8
  [     10.42,      22.64) | #########################                5
  [     22.64,      34.85) | ##############################           6
  [     34.85,      47.07) | ##########                               2

wallet_sum_pnl
  [     -0.00,      -0.00) | ##########################               6
  [     -0.00,      -0.00) | ##########################               6
  [     -0.00,       0.00) | ##########################               6
  [      0.00,       0.00) |                                          0
  [      0.00,       0.00) | ##########################               6
  [      0.00,       0.00) |                                          0
  [      0.00,       0.00) | #############                            3
  [      0.00,       0.00) | ######################################## 9

realizedAbs
  [    126.24,     147.91) | ########                                 3
  [    147.91,     169.58) | ################                         6
  [    169.58,     191.25) |                                          0
  [    191.25,     212.92) | ######################################## 15
  [    212.92,     234.59) | ################                         6
  [    234.59,     256.26) | ########                                 3
  [    256.26,     277.93) |                                          0
  [    277.93,     299.60) | ########                                 3

minSpot
  [      0.11,       0.11) | ####################                     6
  [      0.11,       0.12) | ##########                               3
  [      0.12,       0.12) | ######################################## 12
  [      0.12,       0.12) | ##########                               3
  [      0.12,       0.12) | ####################                     6
  [      0.12,       0.13) | ##########                               3
  [      0.13,       0.13) |                                          0
  [      0.13,       0.13) | ##########                               3

maxSpot
  [      0.20,       0.20) | ######################################## 9
  [      0.20,       0.21) | #############                            3
  [      0.21,       0.21) |                                          0
  [      0.21,       0.21) | ######################################## 9
  [      0.21,       0.21) | #############                            3
  [      0.21,       0.22) | ##########################               6
  [      0.22,       0.22) | #############                            3
  [      0.22,       0.22) | #############                            3

minCurve
  [      0.11,       0.11) | #############                            3
  [      0.11,       0.11) | #############                            3
  [      0.11,       0.11) | ##########################               6
  [      0.11,       0.11) | ##########################               6
  [      0.11,       0.11) | ######################################## 9
  [      0.11,       0.11) | ##########################               6
  [      0.11,       0.11) |                                          0
  [      0.11,       0.12) | #############                            3

maxCurve
  [      0.23,       0.23) | ########                                 3
  [      0.23,       0.24) |                                          0
  [      0.24,       0.24) | ######################################## 15
  [      0.24,       0.25) |                                          0
  [      0.25,       0.25) | ################                         6
  [      0.25,       0.26) | ########################                 9
  [      0.26,       0.26) |                                          0
  [      0.26,       0.26) | ########                                 3

rounds
  [     59.50,      59.62) |                                          0
  [     59.62,      59.75) |                                          0
  [     59.75,      59.88) |                                          0
  [     59.88,      60.00) |                                          0
  [     60.00,      60.12) | ######################################## 36
  [     60.12,      60.25) |                                          0
  [     60.25,      60.38) |                                          0
  [     60.38,      60.50) |                                          0

settlementLegs
  [     78.00,      78.50) | ##########                               3
  [     78.50,      79.00) |                                          0
  [     79.00,      79.50) | ####################                     6
  [     79.50,      80.00) |                                          0
  [     80.00,      80.50) | ####################                     6
  [     80.50,      81.00) |                                          0
  [     81.00,      81.50) | ######################################## 12
  [     81.50,      82.00) | ##############################           9

x402Total
  [     -0.50,      -0.38) |                                          0
  [     -0.38,      -0.25) |                                          0
  [     -0.25,      -0.12) |                                          0
  [     -0.12,       0.00) |                                          0
  [      0.00,       0.12) | ######################################## 36
  [      0.12,       0.25) |                                          0
  [      0.25,       0.38) |                                          0
  [      0.38,       0.50) |                                          0

deniedWorkers
  [     -0.50,      -0.38) |                                          0
  [     -0.38,      -0.25) |                                          0
  [     -0.25,      -0.12) |                                          0
  [     -0.12,       0.00) |                                          0
  [      0.00,       0.12) | ######################################## 36
  [      0.12,       0.25) |                                          0
  [      0.25,       0.38) |                                          0
  [      0.38,       0.50) |                                          0

=== Descriptive Statistics — mode=spread ===
                count          mean           std           min            5%           25%           50%           75%           95%           max   skew   kurt
seed             36.0  6.584794e+08  8.007910e+08  2.026090e+08  2.026090e+08  2.026090e+08  2.026090e+08  6.584794e+08  2.026090e+09  2.026090e+09  1.206 -0.582
role_pnl         36.0 -3.149768e+02  4.372464e+03 -9.519751e+03 -8.200650e+03 -1.737753e+03  2.072596e+02  2.102054e+03  6.712772e+03  6.832966e+03 -0.488 -0.205
wallet_sum_pnl   36.0  3.457975e-13  1.753105e-12 -2.046363e-12 -2.046363e-12 -7.958079e-13  2.842171e-13  9.663381e-13  5.002221e-12  5.002221e-12  1.354  2.274
realizedAbs      36.0  2.356069e+04  4.754523e+03  1.404601e+04  1.404601e+04  2.094324e+04  2.424384e+04  2.701012e+04  2.966881e+04  2.966881e+04 -0.594 -0.569
minSpot          36.0  2.258412e+01  7.402930e-01  2.101420e+01  2.101420e+01  2.222277e+01  2.253545e+01  2.299437e+01  2.384582e+01  2.384582e+01 -0.359  0.020
maxSpot          36.0  3.451474e+01  1.017102e+00  3.266873e+01  3.266873e+01  3.392111e+01  3.418390e+01  3.540588e+01  3.591671e+01  3.591671e+01 -0.142 -1.107
minCurve         36.0  2.116246e+01  4.305435e-01  2.028350e+01  2.028350e+01  2.089762e+01  2.138400e+01  2.149025e+01  2.162400e+01  2.162400e+01 -0.845 -0.604
maxCurve         36.0  3.741979e+01  7.208347e-01  3.647450e+01  3.647450e+01  3.678287e+01  3.749875e+01  3.795300e+01  3.859500e+01  3.859500e+01  0.116 -1.261
rounds           36.0  6.000000e+01  0.000000e+00  6.000000e+01  6.000000e+01  6.000000e+01  6.000000e+01  6.000000e+01  6.000000e+01  6.000000e+01  0.000  0.000
settlementLegs   36.0  7.975000e+01  1.380993e+00  7.700000e+01  7.700000e+01  7.900000e+01  7.950000e+01  8.025000e+01  8.200000e+01  8.200000e+01  0.065 -0.128
x402Total        36.0  0.000000e+00  0.000000e+00  0.000000e+00  0.000000e+00  0.000000e+00  0.000000e+00  0.000000e+00  0.000000e+00  0.000000e+00  0.000  0.000
deniedWorkers    36.0  0.000000e+00  0.000000e+00  0.000000e+00  0.000000e+00  0.000000e+00  0.000000e+00  0.000000e+00  0.000000e+00  0.000000e+00  0.000  0.000

=== Histograms — mode=spread ===

seed
  [202609041.00, 430544212.38) | ######################################## 27
  [430544212.38, 658479383.75) |                                          0
  [658479383.75, 886414555.12) |                                          0
  [886414555.12, 1114349726.50) |                                          0
  [1114349726.50, 1342284897.88) |                                          0
  [1342284897.88, 1570220069.25) |                                          0
  [1570220069.25, 1798155240.62) |                                          0
  [1798155240.62, 2026090412.00) | #############                            9

role_pnl
  [  -9519.75,   -7475.66) | ##############                           4
  [  -7475.66,   -5431.57) | #######                                  2
  [  -5431.57,   -3387.48) | ###                                      1
  [  -3387.48,   -1343.39) | ##########                               3
  [  -1343.39,     700.70) | ######################################## 11
  [    700.70,    2744.79) | #############################            8
  [   2744.79,    4788.88) | ##########                               3
  [   4788.88,    6832.97) | ##############                           4

wallet_sum_pnl
  [     -0.00,      -0.00) | ########                                 3
  [     -0.00,      -0.00) | ################################         12
  [     -0.00,       0.00) | ########                                 3
  [      0.00,       0.00) | ######################################## 15
  [      0.00,       0.00) |                                          0
  [      0.00,       0.00) |                                          0
  [      0.00,       0.00) |                                          0
  [      0.00,       0.00) | ########                                 3

realizedAbs
  [  14046.01,   15998.86) | #############                            3
  [  15998.86,   17951.71) | #############                            3
  [  17951.71,   19904.56) |                                          0
  [  19904.56,   21857.41) | ##########################               6
  [  21857.41,   23810.26) | #############                            3
  [  23810.26,   25763.11) | ##########################               6
  [  25763.11,   27715.96) | ######################################## 9
  [  27715.96,   29668.81) | ##########################               6

minSpot
  [     21.01,      21.37) | #############                            3
  [     21.37,      21.72) |                                          0
  [     21.72,      22.08) | ##########################               6
  [     22.08,      22.43) | #############                            3
  [     22.43,      22.78) | ######################################## 9
  [     22.78,      23.14) | ##########################               6
  [     23.14,      23.49) | ##########################               6
  [     23.49,      23.85) | #############                            3

maxSpot
  [     32.67,      33.07) | ##########                               3
  [     33.07,      33.48) | ##########                               3
  [     33.48,      33.89) | ##########                               3
  [     33.89,      34.29) | ######################################## 12
  [     34.29,      34.70) |                                          0
  [     34.70,      35.10) |                                          0
  [     35.10,      35.51) | ##############################           9
  [     35.51,      35.92) | ####################                     6

minCurve
  [     20.28,      20.45) | ########                                 3
  [     20.45,      20.62) | ########                                 3
  [     20.62,      20.79) |                                          0
  [     20.79,      20.95) | ################                         6
  [     20.95,      21.12) | ########                                 3
  [     21.12,      21.29) |                                          0
  [     21.29,      21.46) | ################                         6
  [     21.46,      21.62) | ######################################## 15

maxCurve
  [     36.47,      36.74) | ######################################## 9
  [     36.74,      37.00) | #############                            3
  [     37.00,      37.27) | #############                            3
  [     37.27,      37.53) | #############                            3
  [     37.53,      37.80) | ##########################               6
  [     37.80,      38.06) | ##########################               6
  [     38.06,      38.33) |                                          0
  [     38.33,      38.59) | ##########################               6

rounds
  [     59.50,      59.62) |                                          0
  [     59.62,      59.75) |                                          0
  [     59.75,      59.88) |                                          0
  [     59.88,      60.00) |                                          0
  [     60.00,      60.12) | ######################################## 36
  [     60.12,      60.25) |                                          0
  [     60.25,      60.38) |                                          0
  [     60.38,      60.50) |                                          0

settlementLegs
  [     77.00,      77.62) | ########                                 3
  [     77.62,      78.25) |                                          0
  [     78.25,      78.88) |                                          0
  [     78.88,      79.50) | ######################################## 15
  [     79.50,      80.12) | ########################                 9
  [     80.12,      80.75) |                                          0
  [     80.75,      81.38) | ########                                 3
  [     81.38,      82.00) | ################                         6

x402Total
  [     -0.50,      -0.38) |                                          0
  [     -0.38,      -0.25) |                                          0
  [     -0.25,      -0.12) |                                          0
  [     -0.12,       0.00) |                                          0
  [      0.00,       0.12) | ######################################## 36
  [      0.12,       0.25) |                                          0
  [      0.25,       0.38) |                                          0
  [      0.38,       0.50) |                                          0

deniedWorkers
  [     -0.50,      -0.38) |                                          0
  [     -0.38,      -0.25) |                                          0
  [     -0.25,      -0.12) |                                          0
  [     -0.12,       0.00) |                                          0
  [      0.00,       0.12) | ######################################## 36
  [      0.12,       0.25) |                                          0
  [      0.25,       0.38) |                                          0
  [      0.38,       0.50) |                                          0

=== Descriptive Statistics — mode=synthetic ===
                count          mean           std           min            5%           25%           50%           75%           95%           max   skew   kurt
seed             36.0  6.584794e+08  8.007910e+08  2.026090e+08  2.026090e+08  2.026090e+08  2.026090e+08  6.584794e+08  2.026090e+09  2.026090e+09  1.206 -0.582
role_pnl         36.0 -2.751922e-01  9.788670e+00 -1.865459e+01 -1.569947e+01 -9.289725e+00  1.590078e+00  8.268330e+00  1.188329e+01  1.694655e+01 -0.301 -1.032
wallet_sum_pnl   36.0  3.372302e-15  1.072132e-14 -1.709743e-14 -1.709743e-14 -3.233525e-15  3.330669e-15  1.329492e-14  1.643130e-14  1.643130e-14 -0.405 -0.949
realizedAbs      36.0  7.981428e+01  1.680834e+01  4.502773e+01  4.502773e+01  7.365399e+01  7.924326e+01  8.935324e+01  1.115924e+02  1.115924e+02 -0.208  0.253
minSpot          36.0  4.746679e-02  2.251954e-03  4.410491e-02  4.410491e-02  4.632232e-02  4.679546e-02  4.898373e-02  5.243040e-02  5.243040e-02  0.636  0.066
maxSpot          36.0  8.374020e-02  2.688397e-03  7.990466e-02  7.990466e-02  8.152945e-02  8.380195e-02  8.547823e-02  8.855692e-02  8.855692e-02  0.048 -0.951
minCurve         36.0  4.404167e-02  9.363684e-04  4.250000e-02  4.250000e-02  4.350000e-02  4.400000e-02  4.462500e-02  4.600000e-02  4.600000e-02  0.453 -0.162
maxCurve         36.0  9.891667e-02  3.406926e-03  9.250000e-02  9.250000e-02  9.687500e-02  9.825000e-02  1.012500e-01  1.055000e-01  1.055000e-01  0.132 -0.286
rounds           36.0  6.000000e+01  0.000000e+00  6.000000e+01  6.000000e+01  6.000000e+01  6.000000e+01  6.000000e+01  6.000000e+01  6.000000e+01  0.000  0.000
settlementLegs   36.0  7.983333e+01  1.483240e+00  7.700000e+01  7.700000e+01  7.900000e+01  8.000000e+01  8.100000e+01  8.200000e+01  8.200000e+01 -0.198 -0.648
x402Total        36.0  0.000000e+00  0.000000e+00  0.000000e+00  0.000000e+00  0.000000e+00  0.000000e+00  0.000000e+00  0.000000e+00  0.000000e+00  0.000  0.000
deniedWorkers    36.0  0.000000e+00  0.000000e+00  0.000000e+00  0.000000e+00  0.000000e+00  0.000000e+00  0.000000e+00  0.000000e+00  0.000000e+00  0.000  0.000

=== Histograms — mode=synthetic ===

seed
  [202609041.00, 430544212.38) | ######################################## 27
  [430544212.38, 658479383.75) |                                          0
  [658479383.75, 886414555.12) |                                          0
  [886414555.12, 1114349726.50) |                                          0
  [1114349726.50, 1342284897.88) |                                          0
  [1342284897.88, 1570220069.25) |                                          0
  [1570220069.25, 1798155240.62) |                                          0
  [1798155240.62, 2026090412.00) | #############                            9

role_pnl
  [    -18.65,     -14.20) | ############                             3
  [    -14.20,      -9.75) | ########################                 6
  [     -9.75,      -5.30) | ########                                 2
  [     -5.30,      -0.85) | ############                             3
  [     -0.85,       3.60) | ######################################## 10
  [      3.60,       8.05) | ############                             3
  [      8.05,      12.50) | ################################         8
  [     12.50,      16.95) | ####                                     1

wallet_sum_pnl
  [     -0.00,      -0.00) | ##########                               3
  [     -0.00,      -0.00) | ##########                               3
  [     -0.00,      -0.00) |                                          0
  [     -0.00,      -0.00) | ##############################           9
  [     -0.00,       0.00) | ##########                               3
  [      0.00,       0.00) | ##########                               3
  [      0.00,       0.00) | ##########                               3
  [      0.00,       0.00) | ######################################## 12

realizedAbs
  [     45.03,      53.35) | #############                            3
  [     53.35,      61.67) | #############                            3
  [     61.67,      69.99) | #############                            3
  [     69.99,      78.31) | ##########################               6
  [     78.31,      86.63) | ######################################## 9
  [     86.63,      94.95) | ##########################               6
  [     94.95,     103.27) | #############                            3
  [    103.27,     111.59) | #############                            3

minSpot
  [      0.04,       0.05) | ####################                     6
  [      0.05,       0.05) | ##########                               3
  [      0.05,       0.05) | ######################################## 12
  [      0.05,       0.05) | ##########                               3
  [      0.05,       0.05) | ####################                     6
  [      0.05,       0.05) | ##########                               3
  [      0.05,       0.05) |                                          0
  [      0.05,       0.05) | ##########                               3

maxSpot
  [      0.08,       0.08) | ######################################## 9
  [      0.08,       0.08) | #############                            3
  [      0.08,       0.08) |                                          0
  [      0.08,       0.08) | ######################################## 9
  [      0.08,       0.09) | #############                            3
  [      0.09,       0.09) | ##########################               6
  [      0.09,       0.09) | #############                            3
  [      0.09,       0.09) | #############                            3

minCurve
  [      0.04,       0.04) | #############                            3
  [      0.04,       0.04) | #############                            3
  [      0.04,       0.04) | ######################################## 9
  [      0.04,       0.04) | ######################################## 9
  [      0.04,       0.04) | #############                            3
  [      0.04,       0.05) | ##########################               6
  [      0.05,       0.05) |                                          0
  [      0.05,       0.05) | #############                            3

maxCurve
  [      0.09,       0.09) | ########                                 3
  [      0.09,       0.10) |                                          0
  [      0.10,       0.10) | ######################################## 15
  [      0.10,       0.10) |                                          0
  [      0.10,       0.10) | ################                         6
  [      0.10,       0.10) | ################                         6
  [      0.10,       0.10) | ########                                 3
  [      0.10,       0.11) | ########                                 3

rounds
  [     59.50,      59.62) |                                          0
  [     59.62,      59.75) |                                          0
  [     59.75,      59.88) |                                          0
  [     59.88,      60.00) |                                          0
  [     60.00,      60.12) | ######################################## 36
  [     60.12,      60.25) |                                          0
  [     60.25,      60.38) |                                          0
  [     60.38,      60.50) |                                          0

settlementLegs
  [     77.00,      77.62) | #############                            3
  [     77.62,      78.25) | #############                            3
  [     78.25,      78.88) |                                          0
  [     78.88,      79.50) | ######################################## 9
  [     79.50,      80.12) | ######################################## 9
  [     80.12,      80.75) |                                          0
  [     80.75,      81.38) | ##########################               6
  [     81.38,      82.00) | ##########################               6

x402Total
  [     -0.50,      -0.38) |                                          0
  [     -0.38,      -0.25) |                                          0
  [     -0.25,      -0.12) |                                          0
  [     -0.12,       0.00) |                                          0
  [      0.00,       0.12) | ######################################## 36
  [      0.12,       0.25) |                                          0
  [      0.25,       0.38) |                                          0
  [      0.38,       0.50) |                                          0

deniedWorkers
  [     -0.50,      -0.38) |                                          0
  [     -0.38,      -0.25) |                                          0
  [     -0.25,      -0.12) |                                          0
  [     -0.12,       0.00) |                                          0
  [      0.00,       0.12) | ######################################## 36
  [      0.12,       0.25) |                                          0
  [      0.25,       0.38) |                                          0
  [      0.38,       0.50) |                                          0

=== Descriptive Statistics — mode=x402 ===
                count          mean           std           min            5%           25%           50%           75%           95%           max   skew   kurt
seed             36.0  6.584794e+08  8.007910e+08  2.026090e+08  2.026090e+08  2.026090e+08  2.026090e+08  6.584794e+08  2.026090e+09  2.026090e+09  1.206 -0.582
role_pnl         36.0 -2.751922e-01  9.788670e+00 -1.865459e+01 -1.569947e+01 -9.289725e+00  1.590078e+00  8.268330e+00  1.188329e+01  1.694655e+01 -0.301 -1.032
wallet_sum_pnl   36.0  3.372302e-15  1.072132e-14 -1.709743e-14 -1.709743e-14 -3.233525e-15  3.330669e-15  1.329492e-14  1.643130e-14  1.643130e-14 -0.405 -0.949
realizedAbs      36.0  7.981428e+01  1.680834e+01  4.502773e+01  4.502773e+01  7.365399e+01  7.924326e+01  8.935324e+01  1.115924e+02  1.115924e+02 -0.208  0.253
minSpot          36.0  4.746679e-02  2.251954e-03  4.410491e-02  4.410491e-02  4.632232e-02  4.679546e-02  4.898373e-02  5.243040e-02  5.243040e-02  0.636  0.066
maxSpot          36.0  8.374020e-02  2.688397e-03  7.990466e-02  7.990466e-02  8.152945e-02  8.380195e-02  8.547823e-02  8.855692e-02  8.855692e-02  0.048 -0.951
minCurve         36.0  4.404167e-02  9.363684e-04  4.250000e-02  4.250000e-02  4.350000e-02  4.400000e-02  4.462500e-02  4.600000e-02  4.600000e-02  0.453 -0.162
maxCurve         36.0  9.891667e-02  3.406926e-03  9.250000e-02  9.250000e-02  9.687500e-02  9.825000e-02  1.012500e-01  1.055000e-01  1.055000e-01  0.132 -0.286
rounds           36.0  6.000000e+01  0.000000e+00  6.000000e+01  6.000000e+01  6.000000e+01  6.000000e+01  6.000000e+01  6.000000e+01  6.000000e+01  0.000  0.000
settlementLegs   36.0  7.983333e+01  1.483240e+00  7.700000e+01  7.700000e+01  7.900000e+01  8.000000e+01  8.100000e+01  8.200000e+01  8.200000e+01 -0.198 -0.648
x402Total        36.0  3.275869e+02  3.347497e+01  2.769265e+02  2.769265e+02  3.044454e+02  3.261572e+02  3.545681e+02  3.821674e+02  3.821674e+02 -0.013 -1.289
deniedWorkers    36.0  0.000000e+00  0.000000e+00  0.000000e+00  0.000000e+00  0.000000e+00  0.000000e+00  0.000000e+00  0.000000e+00  0.000000e+00  0.000  0.000

=== Histograms — mode=x402 ===

seed
  [202609041.00, 430544212.38) | ######################################## 27
  [430544212.38, 658479383.75) |                                          0
  [658479383.75, 886414555.12) |                                          0
  [886414555.12, 1114349726.50) |                                          0
  [1114349726.50, 1342284897.88) |                                          0
  [1342284897.88, 1570220069.25) |                                          0
  [1570220069.25, 1798155240.62) |                                          0
  [1798155240.62, 2026090412.00) | #############                            9

role_pnl
  [    -18.65,     -14.20) | ############                             3
  [    -14.20,      -9.75) | ########################                 6
  [     -9.75,      -5.30) | ########                                 2
  [     -5.30,      -0.85) | ############                             3
  [     -0.85,       3.60) | ######################################## 10
  [      3.60,       8.05) | ############                             3
  [      8.05,      12.50) | ################################         8
  [     12.50,      16.95) | ####                                     1

wallet_sum_pnl
  [     -0.00,      -0.00) | ##########                               3
  [     -0.00,      -0.00) | ##########                               3
  [     -0.00,      -0.00) |                                          0
  [     -0.00,      -0.00) | ##############################           9
  [     -0.00,       0.00) | ##########                               3
  [      0.00,       0.00) | ##########                               3
  [      0.00,       0.00) | ##########                               3
  [      0.00,       0.00) | ######################################## 12

realizedAbs
  [     45.03,      53.35) | #############                            3
  [     53.35,      61.67) | #############                            3
  [     61.67,      69.99) | #############                            3
  [     69.99,      78.31) | ##########################               6
  [     78.31,      86.63) | ######################################## 9
  [     86.63,      94.95) | ##########################               6
  [     94.95,     103.27) | #############                            3
  [    103.27,     111.59) | #############                            3

minSpot
  [      0.04,       0.05) | ####################                     6
  [      0.05,       0.05) | ##########                               3
  [      0.05,       0.05) | ######################################## 12
  [      0.05,       0.05) | ##########                               3
  [      0.05,       0.05) | ####################                     6
  [      0.05,       0.05) | ##########                               3
  [      0.05,       0.05) |                                          0
  [      0.05,       0.05) | ##########                               3

maxSpot
  [      0.08,       0.08) | ######################################## 9
  [      0.08,       0.08) | #############                            3
  [      0.08,       0.08) |                                          0
  [      0.08,       0.08) | ######################################## 9
  [      0.08,       0.09) | #############                            3
  [      0.09,       0.09) | ##########################               6
  [      0.09,       0.09) | #############                            3
  [      0.09,       0.09) | #############                            3

minCurve
  [      0.04,       0.04) | #############                            3
  [      0.04,       0.04) | #############                            3
  [      0.04,       0.04) | ######################################## 9
  [      0.04,       0.04) | ######################################## 9
  [      0.04,       0.04) | #############                            3
  [      0.04,       0.05) | ##########################               6
  [      0.05,       0.05) |                                          0
  [      0.05,       0.05) | #############                            3

maxCurve
  [      0.09,       0.09) | ########                                 3
  [      0.09,       0.10) |                                          0
  [      0.10,       0.10) | ######################################## 15
  [      0.10,       0.10) |                                          0
  [      0.10,       0.10) | ################                         6
  [      0.10,       0.10) | ################                         6
  [      0.10,       0.10) | ########                                 3
  [      0.10,       0.11) | ########                                 3

rounds
  [     59.50,      59.62) |                                          0
  [     59.62,      59.75) |                                          0
  [     59.75,      59.88) |                                          0
  [     59.88,      60.00) |                                          0
  [     60.00,      60.12) | ######################################## 36
  [     60.12,      60.25) |                                          0
  [     60.25,      60.38) |                                          0
  [     60.38,      60.50) |                                          0

settlementLegs
  [     77.00,      77.62) | #############                            3
  [     77.62,      78.25) | #############                            3
  [     78.25,      78.88) |                                          0
  [     78.88,      79.50) | ######################################## 9
  [     79.50,      80.12) | ######################################## 9
  [     80.12,      80.75) |                                          0
  [     80.75,      81.38) | ##########################               6
  [     81.38,      82.00) | ##########################               6

x402Total
  [    276.93,     290.08) | ##########################               6
  [    290.08,     303.24) | #############                            3
  [    303.24,     316.39) | ######################################## 9
  [    316.39,     329.55) |                                          0
  [    329.55,     342.70) | #############                            3
  [    342.70,     355.86) | ##########################               6
  [    355.86,     369.01) | ##########################               6
  [    369.01,     382.17) | #############                            3

deniedWorkers
  [     -0.50,      -0.38) |                                          0
  [     -0.38,      -0.25) |                                          0
  [     -0.25,      -0.12) |                                          0
  [     -0.12,       0.00) |                                          0
  [      0.00,       0.12) | ######################################## 36
  [      0.12,       0.25) |                                          0
  [      0.25,       0.38) |                                          0
  [      0.38,       0.50) |                                          0


Stats saved to out/programmatic-eda/compute-futures-2026-09-04/distributions_by_mode.csv
