=== Descriptive Statistics — mode=basket ===
                count          mean           std           min            5%           25%           50%           75%           95%           max   skew   kurt
seed             36.0  6.584795e+08  8.007911e+08  2.026091e+08  2.026091e+08  2.026091e+08  2.026091e+08  6.584795e+08  2.026091e+09  2.026091e+09  1.206 -0.582
role_pnl         36.0 -1.078767e+00  3.627718e+01 -8.576439e+01 -6.164650e+01 -1.633539e+01  5.338186e+00  2.470206e+01  4.357779e+01  5.286475e+01 -0.589 -0.530
wallet_sum_pnl   36.0 -7.447746e-15  3.142421e-14 -6.128431e-14 -6.128431e-14 -2.353673e-14  3.552714e-15  1.221245e-14  3.108624e-14  3.108624e-14 -0.769 -0.861
realizedAbs      36.0  2.001727e+02  5.571014e+01  1.179717e+02  1.179717e+02  1.653310e+02  1.758098e+02  2.422584e+02  3.126349e+02  3.126349e+02  0.527 -0.654
minSpot          36.0  1.197629e-01  4.109250e-03  1.132806e-01  1.132806e-01  1.177485e-01  1.187326e-01  1.225353e-01  1.262682e-01  1.262682e-01  0.377 -0.914
maxSpot          36.0  2.085210e-01  9.839514e-03  1.932618e-01  1.932618e-01  1.999943e-01  2.063243e-01  2.166286e-01  2.238313e-01  2.238313e-01  0.119 -1.359
minCurve         36.0  1.106875e-01  1.831642e-03  1.070000e-01  1.070000e-01  1.095000e-01  1.105000e-01  1.111250e-01  1.140000e-01  1.140000e-01  0.155  0.338
maxCurve         36.0  2.465417e-01  1.133366e-02  2.285000e-01  2.285000e-01  2.403125e-01  2.468750e-01  2.533750e-01  2.640000e-01  2.640000e-01 -0.081 -0.865
rounds           36.0  6.000000e+01  0.000000e+00  6.000000e+01  6.000000e+01  6.000000e+01  6.000000e+01  6.000000e+01  6.000000e+01  6.000000e+01  0.000  0.000
settlementLegs   36.0  8.033333e+01  1.673320e+00  7.700000e+01  7.700000e+01  7.975000e+01  8.050000e+01  8.125000e+01  8.300000e+01  8.300000e+01 -0.448 -0.382
x402Total        36.0  0.000000e+00  0.000000e+00  0.000000e+00  0.000000e+00  0.000000e+00  0.000000e+00  0.000000e+00  0.000000e+00  0.000000e+00  0.000  0.000
deniedWorkers    36.0  0.000000e+00  0.000000e+00  0.000000e+00  0.000000e+00  0.000000e+00  0.000000e+00  0.000000e+00  0.000000e+00  0.000000e+00  0.000  0.000

=== Histograms — mode=basket ===

seed
  [202609071.00, 430544276.12) | ######################################## 27
  [430544276.12, 658479481.25) |                                          0
  [658479481.25, 886414686.38) |                                          0
  [886414686.38, 1114349891.50) |                                          0
  [1114349891.50, 1342285096.62) |                                          0
  [1342285096.62, 1570220301.75) |                                          0
  [1570220301.75, 1798155506.88) |                                          0
  [1798155506.88, 2026090712.00) | #############                            9

role_pnl
  [    -85.76,     -68.44) | #####                                    1
  [    -68.44,     -51.11) | #########################                5
  [    -51.11,     -33.78) | #####                                    1
  [    -33.78,     -16.45) | ##########                               2
  [    -16.45,       0.88) | ###################################      7
  [      0.88,      18.21) | ##############################           6
  [     18.21,      35.54) | ######################################## 8
  [     35.54,      52.86) | ##############################           6

wallet_sum_pnl
  [     -0.00,      -0.00) | ######################################## 9
  [     -0.00,      -0.00) |                                          0
  [     -0.00,      -0.00) |                                          0
  [     -0.00,      -0.00) |                                          0
  [     -0.00,      -0.00) | #############                            3
  [     -0.00,       0.00) | ######################################## 9
  [      0.00,       0.00) | ######################################## 9
  [      0.00,       0.00) | ##########################               6

realizedAbs
  [    117.97,     142.30) | ##########                               3
  [    142.30,     166.64) | ####################                     6
  [    166.64,     190.97) | ######################################## 12
  [    190.97,     215.30) |                                          0
  [    215.30,     239.64) | ##########                               3
  [    239.64,     263.97) | ####################                     6
  [    263.97,     288.30) | ##########                               3
  [    288.30,     312.63) | ##########                               3

minSpot
  [      0.11,       0.11) | ########                                 3
  [      0.11,       0.12) | ################                         6
  [      0.12,       0.12) |                                          0
  [      0.12,       0.12) | ######################################## 15
  [      0.12,       0.12) |                                          0
  [      0.12,       0.12) | ########                                 3
  [      0.12,       0.12) |                                          0
  [      0.12,       0.13) | ########################                 9

maxSpot
  [      0.19,       0.20) | #############                            3
  [      0.20,       0.20) | ######################################## 9
  [      0.20,       0.20) | #############                            3
  [      0.20,       0.21) | ##########################               6
  [      0.21,       0.21) |                                          0
  [      0.21,       0.22) | #############                            3
  [      0.22,       0.22) | ##########################               6
  [      0.22,       0.22) | ##########################               6

minCurve
  [      0.11,       0.11) | ########                                 3
  [      0.11,       0.11) |                                          0
  [      0.11,       0.11) | ########################                 9
  [      0.11,       0.11) |                                          0
  [      0.11,       0.11) | ######################################## 15
  [      0.11,       0.11) | ########                                 3
  [      0.11,       0.11) |                                          0
  [      0.11,       0.11) | ################                         6

maxCurve
  [      0.23,       0.23) | ##########################               6
  [      0.23,       0.24) |                                          0
  [      0.24,       0.24) | ######################################## 9
  [      0.24,       0.25) | #############                            3
  [      0.25,       0.25) | ##########################               6
  [      0.25,       0.26) | #############                            3
  [      0.26,       0.26) | #############                            3
  [      0.26,       0.26) | ##########################               6

rounds
  [     59.50,      59.62) |                                          0
  [     59.62,      59.75) |                                          0
  [     59.75,      59.88) |                                          0
  [     59.88,      60.00) |                                          0
  [     60.00,      60.12) | ######################################## 36
  [     60.12,      60.25) |                                          0
  [     60.25,      60.38) |                                          0
  [     60.38,      60.50) |                                          0

settlementLegs
  [     77.00,      77.75) | #############                            3
  [     77.75,      78.50) | #############                            3
  [     78.50,      79.25) | #############                            3
  [     79.25,      80.00) |                                          0
  [     80.00,      80.75) | ######################################## 9
  [     80.75,      81.50) | ######################################## 9
  [     81.50,      82.25) | ##########################               6
  [     82.25,      83.00) | #############                            3

x402Total
  [     -0.50,      -0.38) |                                          0
  [     -0.38,      -0.25) |                                          0
  [     -0.25,      -0.12) |                                          0
  [     -0.12,       0.00) |                                          0
  [      0.00,       0.12) | ######################################## 36
  [      0.12,       0.25) |                                          0
  [      0.25,       0.38) |                                          0
  [      0.38,       0.50) |                                          0

deniedWorkers
  [     -0.50,      -0.38) |                                          0
  [     -0.38,      -0.25) |                                          0
  [     -0.25,      -0.12) |                                          0
  [     -0.12,       0.00) |                                          0
  [      0.00,       0.12) | ######################################## 36
  [      0.12,       0.25) |                                          0
  [      0.25,       0.38) |                                          0
  [      0.38,       0.50) |                                          0

=== Descriptive Statistics — mode=spread ===
                count          mean           std           min            5%           25%           50%           75%           95%           max   skew   kurt
seed             36.0  6.584795e+08  8.007911e+08  2.026091e+08  2.026091e+08  2.026091e+08  2.026091e+08  6.584795e+08  2.026091e+09  2.026091e+09  1.206 -0.582
role_pnl         36.0 -2.392018e+02  3.986432e+03 -1.147914e+04 -7.622582e+03 -2.963762e+03  4.063736e+02  2.718460e+03  4.191323e+03  6.972039e+03 -0.889  0.823
wallet_sum_pnl   36.0  3.019807e-14  3.824545e-12 -4.661160e-12 -4.661160e-12 -2.557954e-12  4.263256e-14  1.364242e-12  1.000444e-11  1.000444e-11  1.256  1.938
realizedAbs      36.0  2.468068e+04  7.022425e+03  1.707809e+04  1.707809e+04  1.909928e+04  2.219785e+04  2.968143e+04  3.686095e+04  3.686095e+04  0.578 -1.230
minSpot          36.0  2.304271e+01  6.282587e-01  2.189197e+01  2.189197e+01  2.276376e+01  2.312719e+01  2.352843e+01  2.398111e+01  2.398111e+01 -0.477 -0.752
maxSpot          36.0  3.493866e+01  5.073529e-01  3.413470e+01  3.413470e+01  3.465017e+01  3.497485e+01  3.515764e+01  3.595305e+01  3.595305e+01  0.136 -0.286
minCurve         36.0  2.113392e+01  5.512937e-01  2.014650e+01  2.014650e+01  2.074425e+01  2.119975e+01  2.160625e+01  2.181300e+01  2.181300e+01 -0.392 -1.135
maxCurve         36.0  3.787748e+01  1.157406e+00  3.663450e+01  3.663450e+01  3.725625e+01  3.740100e+01  3.803463e+01  4.085900e+01  4.085900e+01  1.540  1.658
rounds           36.0  6.000000e+01  0.000000e+00  6.000000e+01  6.000000e+01  6.000000e+01  6.000000e+01  6.000000e+01  6.000000e+01  6.000000e+01  0.000  0.000
settlementLegs   36.0  7.983333e+01  1.796823e+00  7.700000e+01  7.700000e+01  7.875000e+01  8.000000e+01  8.125000e+01  8.200000e+01  8.200000e+01 -0.299 -1.216
x402Total        36.0  0.000000e+00  0.000000e+00  0.000000e+00  0.000000e+00  0.000000e+00  0.000000e+00  0.000000e+00  0.000000e+00  0.000000e+00  0.000  0.000
deniedWorkers    36.0  0.000000e+00  0.000000e+00  0.000000e+00  0.000000e+00  0.000000e+00  0.000000e+00  0.000000e+00  0.000000e+00  0.000000e+00  0.000  0.000

=== Histograms — mode=spread ===

seed
  [202609071.00, 430544276.12) | ######################################## 27
  [430544276.12, 658479481.25) |                                          0
  [658479481.25, 886414686.38) |                                          0
  [886414686.38, 1114349891.50) |                                          0
  [1114349891.50, 1342285096.62) |                                          0
  [1342285096.62, 1570220301.75) |                                          0
  [1570220301.75, 1798155506.88) |                                          0
  [1798155506.88, 2026090712.00) | #############                            9

role_pnl
  [ -11479.14,   -9172.74) | ###                                      1
  [  -9172.74,   -6866.34) | #######                                  2
  [  -6866.34,   -4559.95) |                                          0
  [  -4559.95,   -2253.55) | #############################            8
  [  -2253.55,      52.85) | ##############                           4
  [     52.85,    2359.24) | ################################         9
  [   2359.24,    4665.64) | ######################################## 11
  [   4665.64,    6972.04) | ###                                      1

wallet_sum_pnl
  [     -0.00,      -0.00) | ######################################## 9
  [     -0.00,      -0.00) | ##########################               6
  [     -0.00,       0.00) | ######################################## 9
  [      0.00,       0.00) | ######################################## 9
  [      0.00,       0.00) |                                          0
  [      0.00,       0.00) |                                          0
  [      0.00,       0.00) |                                          0
  [      0.00,       0.00) | #############                            3

realizedAbs
  [  17078.09,   19550.95) | ######################################## 18
  [  19550.95,   22023.81) |                                          0
  [  22023.81,   24496.66) |                                          0
  [  24496.66,   26969.52) | #############                            6
  [  26969.52,   29442.38) | ######                                   3
  [  29442.38,   31915.23) |                                          0
  [  31915.23,   34388.09) | ######                                   3
  [  34388.09,   36860.95) | #############                            6

minSpot
  [     21.89,      22.15) | ##########################               6
  [     22.15,      22.41) |                                          0
  [     22.41,      22.68) | #############                            3
  [     22.68,      22.94) | ######################################## 9
  [     22.94,      23.20) |                                          0
  [     23.20,      23.46) | ##########################               6
  [     23.46,      23.72) | ######################################## 9
  [     23.72,      23.98) | #############                            3

maxSpot
  [     34.13,      34.36) | ##########################               6
  [     34.36,      34.59) | #############                            3
  [     34.59,      34.82) | #############                            3
  [     34.82,      35.04) | ######################################## 9
  [     35.04,      35.27) | ######################################## 9
  [     35.27,      35.50) |                                          0
  [     35.50,      35.73) | #############                            3
  [     35.73,      35.95) | #############                            3

minCurve
  [     20.15,      20.35) | ##########################               6
  [     20.35,      20.56) |                                          0
  [     20.56,      20.77) | ##########################               6
  [     20.77,      20.98) | #############                            3
  [     20.98,      21.19) | #############                            3
  [     21.19,      21.40) | #############                            3
  [     21.40,      21.60) | ##########################               6
  [     21.60,      21.81) | ######################################## 9

maxCurve
  [     36.63,      37.16) | #############                            6
  [     37.16,      37.69) | ######################################## 18
  [     37.69,      38.22) | ######                                   3
  [     38.22,      38.75) |                                          0
  [     38.75,      39.27) | #############                            6
  [     39.27,      39.80) |                                          0
  [     39.80,      40.33) |                                          0
  [     40.33,      40.86) | ######                                   3

rounds
  [     59.50,      59.62) |                                          0
  [     59.62,      59.75) |                                          0
  [     59.75,      59.88) |                                          0
  [     59.88,      60.00) |                                          0
  [     60.00,      60.12) | ######################################## 36
  [     60.12,      60.25) |                                          0
  [     60.25,      60.38) |                                          0
  [     60.38,      60.50) |                                          0

settlementLegs
  [     77.00,      77.62) | ##########################               6
  [     77.62,      78.25) | #############                            3
  [     78.25,      78.88) |                                          0
  [     78.88,      79.50) | ##########################               6
  [     79.50,      80.12) | ##########################               6
  [     80.12,      80.75) |                                          0
  [     80.75,      81.38) | ##########################               6
  [     81.38,      82.00) | ######################################## 9

x402Total
  [     -0.50,      -0.38) |                                          0
  [     -0.38,      -0.25) |                                          0
  [     -0.25,      -0.12) |                                          0
  [     -0.12,       0.00) |                                          0
  [      0.00,       0.12) | ######################################## 36
  [      0.12,       0.25) |                                          0
  [      0.25,       0.38) |                                          0
  [      0.38,       0.50) |                                          0

deniedWorkers
  [     -0.50,      -0.38) |                                          0
  [     -0.38,      -0.25) |                                          0
  [     -0.25,      -0.12) |                                          0
  [     -0.12,       0.00) |                                          0
  [      0.00,       0.12) | ######################################## 36
  [      0.12,       0.25) |                                          0
  [      0.25,       0.38) |                                          0
  [      0.38,       0.50) |                                          0

=== Descriptive Statistics — mode=synthetic ===
                count          mean           std           min            5%           25%           50%           75%           95%           max   skew   kurt
seed             36.0  6.584795e+08  8.007911e+08  2.026091e+08  2.026091e+08  2.026091e+08  2.026091e+08  6.584795e+08  2.026091e+09  2.026091e+09  1.206 -0.582
role_pnl         36.0 -4.551310e-01  1.361746e+01 -3.098878e+01 -2.351673e+01 -5.454502e+00  2.081178e+00  9.024999e+00  1.601297e+01  1.996319e+01 -0.596 -0.577
wallet_sum_pnl   36.0 -4.498716e-15  1.870503e-14 -2.789435e-14 -2.789435e-14 -1.798561e-14 -1.057487e-14  4.218847e-15  3.863576e-14  3.863576e-14  0.963  0.248
realizedAbs      36.0  7.932714e+01  2.254869e+01  4.647704e+01  4.647704e+01  6.261883e+01  6.954048e+01  9.580413e+01  1.231779e+02  1.231779e+02  0.496 -0.862
minSpot          36.0  4.790516e-02  1.643700e-03  4.531224e-02  4.531224e-02  4.709940e-02  4.749306e-02  4.901411e-02  5.050727e-02  5.050727e-02  0.377 -0.914
maxSpot          36.0  8.340838e-02  3.935806e-03  7.730472e-02  7.730472e-02  7.999772e-02  8.252973e-02  8.665146e-02  8.953253e-02  8.953253e-02  0.119 -1.359
minCurve         36.0  4.447917e-02  7.638600e-04  4.300000e-02  4.300000e-02  4.400000e-02  4.450000e-02  4.450000e-02  4.600000e-02  4.600000e-02  0.408  0.581
maxCurve         36.0  9.937500e-02  4.141040e-03  9.150000e-02  9.150000e-02  9.637500e-02  9.900000e-02  1.021250e-01  1.060000e-01  1.060000e-01 -0.022 -0.648
rounds           36.0  6.000000e+01  0.000000e+00  6.000000e+01  6.000000e+01  6.000000e+01  6.000000e+01  6.000000e+01  6.000000e+01  6.000000e+01  0.000  0.000
settlementLegs   36.0  7.966667e+01  1.820518e+00  7.600000e+01  7.600000e+01  7.875000e+01  8.000000e+01  8.100000e+01  8.200000e+01  8.200000e+01 -0.645 -0.451
x402Total        36.0  0.000000e+00  0.000000e+00  0.000000e+00  0.000000e+00  0.000000e+00  0.000000e+00  0.000000e+00  0.000000e+00  0.000000e+00  0.000  0.000
deniedWorkers    36.0  0.000000e+00  0.000000e+00  0.000000e+00  0.000000e+00  0.000000e+00  0.000000e+00  0.000000e+00  0.000000e+00  0.000000e+00  0.000  0.000

=== Histograms — mode=synthetic ===

seed
  [202609071.00, 430544276.12) | ######################################## 27
  [430544276.12, 658479481.25) |                                          0
  [658479481.25, 886414686.38) |                                          0
  [886414686.38, 1114349891.50) |                                          0
  [1114349891.50, 1342285096.62) |                                          0
  [1342285096.62, 1570220301.75) |                                          0
  [1570220301.75, 1798155506.88) |                                          0
  [1798155506.88, 2026090712.00) | #############                            9

role_pnl
  [    -30.99,     -24.62) | ####                                     1
  [    -24.62,     -18.25) | ######################                   5
  [    -18.25,     -11.88) | ########                                 2
  [    -11.88,      -5.51) | ####                                     1
  [     -5.51,       0.86) | ######################################## 9
  [      0.86,       7.23) | #################                        4
  [      7.23,      13.59) | ###################################      8
  [     13.59,      19.96) | ##########################               6

wallet_sum_pnl
  [     -0.00,      -0.00) | ######################################## 9
  [     -0.00,      -0.00) | ######################################## 9
  [     -0.00,      -0.00) | #############                            3
  [     -0.00,       0.00) | ##########################               6
  [      0.00,       0.00) |                                          0
  [      0.00,       0.00) | ##########################               6
  [      0.00,       0.00) |                                          0
  [      0.00,       0.00) | #############                            3

realizedAbs
  [     46.48,      56.06) | #############                            3
  [     56.06,      65.65) | ######################################## 9
  [     65.65,      75.24) | ######################################## 9
  [     75.24,      84.83) |                                          0
  [     84.83,      94.42) | #############                            3
  [     94.42,     104.00) | ##########################               6
  [    104.00,     113.59) | #############                            3
  [    113.59,     123.18) | #############                            3

minSpot
  [      0.05,       0.05) | ########                                 3
  [      0.05,       0.05) | ################                         6
  [      0.05,       0.05) |                                          0
  [      0.05,       0.05) | ######################################## 15
  [      0.05,       0.05) |                                          0
  [      0.05,       0.05) | ########                                 3
  [      0.05,       0.05) |                                          0
  [      0.05,       0.05) | ########################                 9

maxSpot
  [      0.08,       0.08) | #############                            3
  [      0.08,       0.08) | ######################################## 9
  [      0.08,       0.08) | #############                            3
  [      0.08,       0.08) | ##########################               6
  [      0.08,       0.08) |                                          0
  [      0.08,       0.09) | #############                            3
  [      0.09,       0.09) | ##########################               6
  [      0.09,       0.09) | ##########################               6

minCurve
  [      0.04,       0.04) | ######                                   3
  [      0.04,       0.04) |                                          0
  [      0.04,       0.04) | ####################                     9
  [      0.04,       0.04) |                                          0
  [      0.04,       0.04) | ######################################## 18
  [      0.04,       0.05) |                                          0
  [      0.05,       0.05) |                                          0
  [      0.05,       0.05) | #############                            6

maxCurve
  [      0.09,       0.09) | #############                            3
  [      0.09,       0.10) |                                          0
  [      0.10,       0.10) | ######################################## 9
  [      0.10,       0.10) | ##########################               6
  [      0.10,       0.10) | ##########################               6
  [      0.10,       0.10) | #############                            3
  [      0.10,       0.10) | #############                            3
  [      0.10,       0.11) | ##########################               6

rounds
  [     59.50,      59.62) |                                          0
  [     59.62,      59.75) |                                          0
  [     59.75,      59.88) |                                          0
  [     59.88,      60.00) |                                          0
  [     60.00,      60.12) | ######################################## 36
  [     60.12,      60.25) |                                          0
  [     60.25,      60.38) |                                          0
  [     60.38,      60.50) |                                          0

settlementLegs
  [     76.00,      76.75) | ##########                               3
  [     76.75,      77.50) | ##########                               3
  [     77.50,      78.25) | ##########                               3
  [     78.25,      79.00) |                                          0
  [     79.00,      79.75) | ##########                               3
  [     79.75,      80.50) | ######################################## 12
  [     80.50,      81.25) | ####################                     6
  [     81.25,      82.00) | ####################                     6

x402Total
  [     -0.50,      -0.38) |                                          0
  [     -0.38,      -0.25) |                                          0
  [     -0.25,      -0.12) |                                          0
  [     -0.12,       0.00) |                                          0
  [      0.00,       0.12) | ######################################## 36
  [      0.12,       0.25) |                                          0
  [      0.25,       0.38) |                                          0
  [      0.38,       0.50) |                                          0

deniedWorkers
  [     -0.50,      -0.38) |                                          0
  [     -0.38,      -0.25) |                                          0
  [     -0.25,      -0.12) |                                          0
  [     -0.12,       0.00) |                                          0
  [      0.00,       0.12) | ######################################## 36
  [      0.12,       0.25) |                                          0
  [      0.25,       0.38) |                                          0
  [      0.38,       0.50) |                                          0

=== Descriptive Statistics — mode=x402 ===
                count          mean           std           min            5%           25%           50%           75%           95%           max   skew   kurt
seed             36.0  6.584795e+08  8.007911e+08  2.026091e+08  2.026091e+08  2.026091e+08  2.026091e+08  6.584795e+08  2.026091e+09  2.026091e+09  1.206 -0.582
role_pnl         36.0 -4.551310e-01  1.361746e+01 -3.098878e+01 -2.351673e+01 -5.454502e+00  2.081178e+00  9.024999e+00  1.601297e+01  1.996319e+01 -0.596 -0.577
wallet_sum_pnl   36.0 -4.498716e-15  1.870503e-14 -2.789435e-14 -2.789435e-14 -1.798561e-14 -1.057487e-14  4.218847e-15  3.863576e-14  3.863576e-14  0.963  0.248
realizedAbs      36.0  7.932714e+01  2.254869e+01  4.647704e+01  4.647704e+01  6.261883e+01  6.954048e+01  9.580413e+01  1.231779e+02  1.231779e+02  0.496 -0.862
minSpot          36.0  4.790516e-02  1.643700e-03  4.531224e-02  4.531224e-02  4.709940e-02  4.749306e-02  4.901411e-02  5.050727e-02  5.050727e-02  0.377 -0.914
maxSpot          36.0  8.340838e-02  3.935806e-03  7.730472e-02  7.730472e-02  7.999772e-02  8.252973e-02  8.665146e-02  8.953253e-02  8.953253e-02  0.119 -1.359
minCurve         36.0  4.447917e-02  7.638600e-04  4.300000e-02  4.300000e-02  4.400000e-02  4.450000e-02  4.450000e-02  4.600000e-02  4.600000e-02  0.408  0.581
maxCurve         36.0  9.937500e-02  4.141040e-03  9.150000e-02  9.150000e-02  9.637500e-02  9.900000e-02  1.021250e-01  1.060000e-01  1.060000e-01 -0.022 -0.648
rounds           36.0  6.000000e+01  0.000000e+00  6.000000e+01  6.000000e+01  6.000000e+01  6.000000e+01  6.000000e+01  6.000000e+01  6.000000e+01  0.000  0.000
settlementLegs   36.0  7.966667e+01  1.820518e+00  7.600000e+01  7.600000e+01  7.875000e+01  8.000000e+01  8.100000e+01  8.200000e+01  8.200000e+01 -0.645 -0.451
x402Total        36.0  3.230988e+02  2.838476e+01  2.709323e+02  2.709323e+02  3.098547e+02  3.298727e+02  3.402459e+02  3.699545e+02  3.699545e+02 -0.429 -0.520
deniedWorkers    36.0  0.000000e+00  0.000000e+00  0.000000e+00  0.000000e+00  0.000000e+00  0.000000e+00  0.000000e+00  0.000000e+00  0.000000e+00  0.000  0.000

=== Histograms — mode=x402 ===

seed
  [202609071.00, 430544276.12) | ######################################## 27
  [430544276.12, 658479481.25) |                                          0
  [658479481.25, 886414686.38) |                                          0
  [886414686.38, 1114349891.50) |                                          0
  [1114349891.50, 1342285096.62) |                                          0
  [1342285096.62, 1570220301.75) |                                          0
  [1570220301.75, 1798155506.88) |                                          0
  [1798155506.88, 2026090712.00) | #############                            9

role_pnl
  [    -30.99,     -24.62) | ####                                     1
  [    -24.62,     -18.25) | ######################                   5
  [    -18.25,     -11.88) | ########                                 2
  [    -11.88,      -5.51) | ####                                     1
  [     -5.51,       0.86) | ######################################## 9
  [      0.86,       7.23) | #################                        4
  [      7.23,      13.59) | ###################################      8
  [     13.59,      19.96) | ##########################               6

wallet_sum_pnl
  [     -0.00,      -0.00) | ######################################## 9
  [     -0.00,      -0.00) | ######################################## 9
  [     -0.00,      -0.00) | #############                            3
  [     -0.00,       0.00) | ##########################               6
  [      0.00,       0.00) |                                          0
  [      0.00,       0.00) | ##########################               6
  [      0.00,       0.00) |                                          0
  [      0.00,       0.00) | #############                            3

realizedAbs
  [     46.48,      56.06) | #############                            3
  [     56.06,      65.65) | ######################################## 9
  [     65.65,      75.24) | ######################################## 9
  [     75.24,      84.83) |                                          0
  [     84.83,      94.42) | #############                            3
  [     94.42,     104.00) | ##########################               6
  [    104.00,     113.59) | #############                            3
  [    113.59,     123.18) | #############                            3

minSpot
  [      0.05,       0.05) | ########                                 3
  [      0.05,       0.05) | ################                         6
  [      0.05,       0.05) |                                          0
  [      0.05,       0.05) | ######################################## 15
  [      0.05,       0.05) |                                          0
  [      0.05,       0.05) | ########                                 3
  [      0.05,       0.05) |                                          0
  [      0.05,       0.05) | ########################                 9

maxSpot
  [      0.08,       0.08) | #############                            3
  [      0.08,       0.08) | ######################################## 9
  [      0.08,       0.08) | #############                            3
  [      0.08,       0.08) | ##########################               6
  [      0.08,       0.08) |                                          0
  [      0.08,       0.09) | #############                            3
  [      0.09,       0.09) | ##########################               6
  [      0.09,       0.09) | ##########################               6

minCurve
  [      0.04,       0.04) | ######                                   3
  [      0.04,       0.04) |                                          0
  [      0.04,       0.04) | ####################                     9
  [      0.04,       0.04) |                                          0
  [      0.04,       0.04) | ######################################## 18
  [      0.04,       0.05) |                                          0
  [      0.05,       0.05) |                                          0
  [      0.05,       0.05) | #############                            6

maxCurve
  [      0.09,       0.09) | #############                            3
  [      0.09,       0.10) |                                          0
  [      0.10,       0.10) | ######################################## 9
  [      0.10,       0.10) | ##########################               6
  [      0.10,       0.10) | ##########################               6
  [      0.10,       0.10) | #############                            3
  [      0.10,       0.10) | #############                            3
  [      0.10,       0.11) | ##########################               6

rounds
  [     59.50,      59.62) |                                          0
  [     59.62,      59.75) |                                          0
  [     59.75,      59.88) |                                          0
  [     59.88,      60.00) |                                          0
  [     60.00,      60.12) | ######################################## 36
  [     60.12,      60.25) |                                          0
  [     60.25,      60.38) |                                          0
  [     60.38,      60.50) |                                          0

settlementLegs
  [     76.00,      76.75) | ##########                               3
  [     76.75,      77.50) | ##########                               3
  [     77.50,      78.25) | ##########                               3
  [     78.25,      79.00) |                                          0
  [     79.00,      79.75) | ##########                               3
  [     79.75,      80.50) | ######################################## 12
  [     80.50,      81.25) | ####################                     6
  [     81.25,      82.00) | ####################                     6

x402Total
  [    270.93,     283.31) | ##########################               6
  [    283.31,     295.69) |                                          0
  [    295.69,     308.07) | #############                            3
  [    308.07,     320.44) | ##########################               6
  [    320.44,     332.82) | ##########################               6
  [    332.82,     345.20) | ######################################## 9
  [    345.20,     357.58) | #############                            3
  [    357.58,     369.95) | #############                            3

deniedWorkers
  [     -0.50,      -0.38) |                                          0
  [     -0.38,      -0.25) |                                          0
  [     -0.25,      -0.12) |                                          0
  [     -0.12,       0.00) |                                          0
  [      0.00,       0.12) | ######################################## 36
  [      0.12,       0.25) |                                          0
  [      0.25,       0.38) |                                          0
  [      0.38,       0.50) |                                          0


Stats saved to out/programmatic-eda/compute-futures-2026-09-07/distributions_by_mode.csv
